0000064 0.036431 -75.611946 -26.225357 2013 001 45750.199
0000068 0.036667 -75.611946 -26.225361 2013 001 45754.199
0000072 0.036868 -75.611946 -26.225363 2013 001 45758.199
0000076 0.037011 -75.611946 -26.225367 2013 001 45762.198
0000080 0.037108 -75.611946 -26.225368 2013 001 45766.198
0000084 0.037160 -75.611946 -26.225368 2013 001 45770.198
0000088 0.037192 -75.611946 -26.225370 2013 001 45774.197
0000092 0.037232 -75.611946 -26.225374 2013 001 45778.197
0000096 0.037368 -75.611946 -26.225380 2013 001 45782.196
0000100 0.037498 -75.611946 -26.225382 2013 001 45786.196
0000104 0.037633 -75.611946 -26.225388 2013 001 45790.196
0000108 0.037754 -75.611946 -26.225389 2013 001 45794.195
0000112 0.037859 -75.611946 -26.225393 2013 001 45798.195
0000116 0.037954 -75.611946 -26.225395 2013 001 45802.195
0000120 0.038032 -75.611946 -26.225397 2013 001 45806.194
0000124 0.038090 -75.611946 -26.225397 2013 001 45810.194
0000128 0.038132 -75.611946 -26.225401 2013 001 45814.193
0000132 0.038142 -75.611946 -26.225401 2013 001 45818.193
0000136 0.038120 -75.611946 -26.225401 2013 001 45822.193
0000140 0.038115 -75.611946 -26.225401 2013 001 45826.192
0000144 0.038121 -75.611946 -26.225401 2013 001 45830.192
0000148 0.038108 -75.611946 -26.225403 2013 001 45834.191
0000152 0.038107 -75.611946 -26.225403 2013 001 45838.191
0000156 0.038139 -75.611946 -26.225403 2013 001 45842.191
0000160 0.038174 -75.611946 -26.225403 2013 001 45846.190
0000164 0.038211 -75.611946 -26.225407 2013 001 45850.190
0000168 0.038234 -75.611946 -26.225407 2013 001 45854.190
0000172 0.038246 -75.611946 -26.225407 2013 001 45858.189
0000176 0.038267 -75.611954 -26.225407 2013 001 45862.189
0000180 0.038241 -75.611954 -26.225407 2013 001 45866.188
0000184 0.038210 -75.611954 -26.225407 2013 001 45870.188
0000188 0.038214 -75.611954 -26.225409 2013 001 45874.188
0000192 0.038227 -75.611954 -26.225409 2013 001 45878.187
0000196 0.038208 -75.611954 -26.225409 2013 001 45882.187
0000200 0.038240 -75.611946 -26.225409 2013 001 45886.187
0000204 0.038181 -75.611946 -26.225409 2013 001 45890.186
0000208 0.038118 -75.611946 -26.225409 2013 001 45894.186
0000212 0.038052 -75.611946 -26.225409 2013 001 45898.185
0000216 0.037988 -75.611946 -26.225409 2013 001 45902.185
0000220 0.037924 -75.611946 -26.225409 2013 001 45906.185
0000224 0.037860 -75.611946 -26.225409 2013 001 45910.184
0000228 0.037796 -75.611946 -26.225409 2013 001 45914.184
0000232 0.037728 -75.611946 -26.225409 2013 001 45918.183
0000236 0.037739 -75.611946 -26.225409 2013 001 45922.183
0000240 0.037748 -75.611946 -26.225409 2013 001 45926.183
0000244 0.037786 -75.611946 -26.225409 2013 001 45930.182
0000248 0.037734 -75.611946 -26.225409 2013 001 45934.182
0000252 0.037764 -75.611946 -26.225409 2013 001 45938.182
0000256 0.037706 -75.611946 -26.225407 2013 001 45942.181
0000260 0.037621 -75.611946 -26.225407 2013 001 45946.181
0000264 0.037595 -75.611946 -26.225407 2013 001 45950.180
0000268 0.037512 -75.611946 -26.225407 2013 001 45954.180
0000272 0.037505 -75.611946 -26.225407 2013 001 45958.180
0000276 0.037426 -75.611954 -26.225403 2013 001 45962.179
0000280 0.037439 -75.611954 -26.225403 2013 001 45966.179
0000284 0.037346 -75.611954 -26.225403 2013 001 45970.179
0000288 0.037274 -75.611946 -26.225407 2013 001 45974.178
0000292 0.037205 -75.611946 -26.225407 2013 001 45978.178
0000296 0.037080 -75.611946 -26.225407 2013 001 45982.177
0000300 0.036947 -75.611946 -26.225409 2013 001 45986.177
0000304 0.036772 -75.611946 -26.225409 2013 001 45990.177
0000308 0.036632 -75.611946 -26.225409 2013 001 45994.176
0000312 0.036490 -75.611946 -26.225410 2013 001 45998.176
0000316 0.036304 -75.611946 -26.225410 2013 001 46002.175
0000320 0.036114 -75.611946 -26.225410 2013 001 46006.175
0000324 0.035917 -75.611946 -26.225410 2013 001 46010.175
0000328 0.035711 -75.611946 -26.225414 2013 001 46014.174
0000332 0.034753 -75.611954 -26.225414 2013 001 46018.174
0000336 0.033864 -75.611954 -26.225420 2013 001 46022.174
0000340 0.033647 -75.611954 -26.225420 2013 001 46026.173
0000344 0.033026 -75.611954 -26.225420 2013 001 46030.173
0000348 0.032490 -75.611954 -26.225416 2013 001 46034.172
0000352 0.032021 -75.611954 -26.225416 2013 001 46038.172
0000356 0.031595 -75.611961 -26.225414 2013 001 46042.172
0000360 0.031217 -75.611961 -26.225414 2013 001 46046.171
0000364 0.031395 -75.611961 -26.225416 2013 001 46050.171
0000368 0.031290 -75.611961 -26.225416 2013 001 46054.170
0000372 0.031470 -75.611961 -26.225420 2013 001 46058.170
0000376 0.031734 -75.611961 -26.225420 2013 001 46062.170
0000380 0.031705 -75.611961 -26.225420 2013 001 46066.169
0000384 0.031697 -75.611961 -26.225420 2013 001 46070.169
0000388 0.031906 -75.611961 -26.225422 2013 001 46074.169
0000392 0.032151 -75.611954 -26.225422 2013 001 46078.168
0000396 0.032373 -75.611954 -26.225424 2013 001 46082.168
0000400 0.032575 -75.611954 -26.225424 2013 001 46086.167
0000404 0.032761 -75.611954 -26.225428 2013 001 46090.167
0000408 0.032926 -75.611954 -26.225428 2013 001 46094.167
0000412 0.033079 -75.611954 -26.225428 2013 001 46098.166
0000416 0.033221 -75.611954 -26.225430 2013 001 46102.166
0000420 0.033354 -75.611954 -26.225430 2013 001 46106.166
0000424 0.033482 -75.611954 -26.225430 2013 001 46110.165
0000428 0.033601 -75.611954 -26.225430 2013 001 46114.165
0000432 0.033717 -75.611954 -26.225433 2013 001 46118.164
0000436 0.033828 -75.611954 -26.225433 2013 001 46122.164
0000440 0.033936 -75.611954 -26.225433 2013 001 46126.164
0000444 0.034040 -75.611954 -26.225433 2013 001 46130.163
0000448 0.034138 -75.611954 -26.225433 2013 001 46134.163
0000452 0.034233 -75.611954 -26.225433 2013 001 46138.162
0000456 0.034328 -75.611954 -26.225433 2013 001 46142.162
0000460 0.034420 -75.611954 -26.225433 2013 001 46146.162
0000464 0.034509 -75.611954 -26.225433 2013 001 46150.161
0000468 0.034595 -75.611954 -26.225433 2013 001 46154.161
0000472 0.034679 -75.611954 -26.225435 2013 001 46158.161
0000476 0.034763 -75.611954 -26.225435 2013 001 46162.160
0000480 0.034846 -75.611954 -26.225435 2013 001 46166.160
0000484 0.034923 -75.611946 -26.225435 2013 001 46170.159
0000488 0.034994 -75.611946 -26.225435 2013 001 46174.159
0000492 0.035057 -75.611946 -26.225435 2013 001 46178.159
0000496 0.035112 -75.611946 -26.225437 2013 001 46182.158
0000500 0.035180 -75.611946 -26.225437 2013 001 46186.158
0000504 0.035241 -75.611946 -26.225437 2013 001 46190.158
0000508 0.035294 -75.611946 -26.225437 2013 001 46194.157
0000512 0.035337 -75.611946 -26.225437 2013 001 46198.157
0000516 0.035382 -75.611946 -26.225441 2013 001 46202.156
0000520 0.035431 -75.611946 -26.225441 2013 001 46206.156
0000524 0.035488 -75.611946 -26.225441 2013 001 46210.156
0000528 0.035544 -75.611946 -26.225441 2013 001 46214.155
0000532 0.035600 -75.611946 -26.225441 2013 001 46218.155
0000536 0.035659 -75.611946 -26.225443 2013 001 46222.154
0000540 0.035719 -75.611954 -26.225443 2013 001 46226.154
0000544 0.035781 -75.611954 -26.225443 2013 001 46230.154
0000548 0.035841 -75.611954 -26.225443 2013 001 46234.153
0000552 0.035898 -75.611954 -26.225443 2013 001 46238.153
0000556 0.035943 -75.611954 -26.225443 2013 001 46242.153
0000560 0.035986 -75.611954 -26.225447 2013 001 46246.152
0000564 0.036024 -75.611954 -26.225447 2013 001 46250.152
0000568 0.036060 -75.611954 -26.225447 2013 001 46254.151
0000572 0.036076 -75.611954 -26.225447 2013 001 46258.151
0000576 0.036106 -75.611954 -26.225447 2013 001 46262.151
0000580 0.036139 -75.611954 -26.225447 2013 001 46266.150
0000584 0.036172 -75.611954 -26.225447 2013 001 46270.150
0000588 0.036200 -75.611954 -26.225447 2013 001 46274.149
0000592 0.036230 -75.611954 -26.225447 2013 001 46278.149
0000596 0.036272 -75.611954 -26.225447 2013 001 46282.149
0000600 0.036312 -75.611954 -26.225447 2013 001 46286.148
0000604 0.036354 -75.611954 -26.225447 2013 001 46290.148
0000608 0.036391 -75.611954 -26.225447 2013 001 46294.148
0000612 0.036423 -75.611954 -26.225443 2013 001 46298.147
0000616 0.036455 -75.611954 -26.225443 2013 001 46302.147
0000620 0.036500 -75.611954 -26.225443 2013 001 46306.146
0000624 0.036556 -75.611954 -26.225443 2013 001 46310.146
0000628 0.036614 -75.611954 -26.225443 2013 001 46314.146
0000632 0.036670 -75.611954 -26.225447 2013 001 46318.145
0000636 0.036676 -75.611954 -26.225447 2013 001 46322.145
0000640 0.036737 -75.611954 -26.225447 2013 001 46326.145
0000644 0.036781 -75.611954 -26.225447 2013 001 46330.144
0000648 0.036814 -75.611954 -26.225447 2013 001 46334.144
0000652 0.036843 -75.611954 -26.225447 2013 001 46338.143
0000656 0.036862 -75.611954 -26.225447 2013 001 46342.143
0000660 0.036875 -75.611954 -26.225447 2013 001 46346.143
0000664 0.036886 -75.611954 -26.225449 2013 001 46350.142
0000668 0.036892 -75.611954 -26.225449 2013 001 46354.142
0000672 0.036892 -75.611954 -26.225449 2013 001 46358.141
0000676 0.036889 -75.611954 -26.225449 2013 001 46362.141
0000680 0.036884 -75.611954 -26.225452 2013 001 46366.141
0000684 0.036881 -75.611954 -26.225452 2013 001 46370.140
0000688 0.036877 -75.611954 -26.225452 2013 001 46374.140
0000692 0.036875 -75.611954 -26.225452 2013 001 46378.140
0000696 0.036874 -75.611954 -26.225454 2013 001 46382.139
0000700 0.036871 -75.611954 -26.225454 2013 001 46386.139
0000704 0.036864 -75.611954 -26.225454 2013 001 46390.138
0000708 0.036851 -75.611954 -26.225454 2013 001 46394.138
0000712 0.036827 -75.611954 -26.225456 2013 001 46398.138
0000716 0.036787 -75.611954 -26.225456 2013 001 46402.137
0000720 0.036746 -75.611954 -26.225456 2013 001 46406.137
0000724 0.036708 -75.611954 -26.225460 2013 001 46410.137
0000728 0.036675 -75.611954 -26.225460 2013 001 46414.136
0000732 0.036642 -75.611954 -26.225460 2013 001 46418.136
0000736 0.036611 -75.611954 -26.225460 2013 001 46422.135
0000740 0.036584 -75.611954 -26.225460 2013 001 46426.135
0000744 0.036548 -75.611954 -26.225462 2013 001 46430.135
0000748 0.036510 -75.611954 -26.225462 2013 001 46434.134
0000752 0.036471 -75.611954 -26.225462 2013 001 46438.134
0000756 0.036430 -75.611954 -26.225462 2013 001 46442.133
0000760 0.036389 -75.611954 -26.225462 2013 001 46446.133
0000764 0.036350 -75.611954 -26.225462 2013 001 46450.133
0000768 0.036314 -75.611954 -26.225466 2013 001 46454.132
0000772 0.036279 -75.611954 -26.225466 2013 001 46458.132
0000776 0.036249 -75.611954 -26.225466 2013 001 46462.132
0000780 0.036225 -75.611954 -26.225466 2013 001 46466.131
0000784 0.036201 -75.611954 -26.225466 2013 001 46470.131
0000788 0.036179 -75.611946 -26.225466 2013 001 46474.130
0000792 0.036159 -75.611946 -26.225468 2013 001 46478.130
0000796 0.036142 -75.611946 -26.225468 2013 001 46482.130
0000800 0.036127 -75.611946 -26.225468 2013 001 46486.129
0000804 0.036111 -75.611946 -26.225468 2013 001 46490.129
0000808 0.036094 -75.611946 -26.225468 2013 001 46494.128
0000812 0.036076 -75.611946 -26.225470 2013 001 46498.128
0000816 0.036058 -75.611946 -26.225470 2013 001 46502.128
0000820 0.036040 -75.611946 -26.225470 2013 001 46506.127
0000824 0.036027 -75.611946 -26.225470 2013 001 46510.127
0000828 0.036017 -75.611946 -26.225470 2013 001 46514.127
0000832 0.036008 -75.611946 -26.225470 2013 001 46518.126
0000836 0.036001 -75.611946 -26.225470 2013 001 46522.126
0000840 0.035997 -75.611946 -26.225473 2013 001 46526.125
0000844 0.035997 -75.611946 -26.225473 2013 001 46530.125
0000848 0.036000 -75.611946 -26.225473 2013 001 46534.125
0000852 0.036008 -75.611946 -26.225473 2013 001 46538.124
0000856 0.036016 -75.611946 -26.225473 2013 001 46542.124
0000860 0.036023 -75.611946 -26.225470 2013 001 46546.124
0000864 0.036027 -75.611946 -26.225470 2013 001 46550.123
0000868 0.036031 -75.611946 -26.225470 2013 001 46554.123
0000872 0.036034 -75.611946 -26.225470 2013 001 46558.122
0000876 0.036034 -75.611946 -26.225470 2013 001 46562.122
0000880 0.036027 -75.611946 -26.225470 2013 001 46566.122
0000884 0.036015 -75.611946 -26.225470 2013 001 46570.121
0000888 0.035998 -75.611946 -26.225470 2013 001 46574.121
0000892 0.035978 -75.611946 -26.225470 2013 001 46578.120
0000896 0.035960 -75.611946 -26.225468 2013 001 46582.120
0000900 0.035945 -75.611946 -26.225468 2013 001 46586.120
0000904 0.035932 -75.611946 -26.225468 2013 001 46590.119
0000908 0.035921 -75.611946 -26.225468 2013 001 46594.119
0000912 0.035909 -75.611946 -26.225468 2013 001 46598.119
0000916 0.035896 -75.611946 -26.225468 2013 001 46602.118
0000920 0.035882 -75.611946 -26.225468 2013 001 46606.118
0000924 0.035869 -75.611946 -26.225468 2013 001 46610.117
0000928 0.035860 -75.611946 -26.225468 2013 001 46614.117
0000932 0.035869 -75.611946 -26.225468 2013 001 46618.117
0000936 0.035873 -75.611946 -26.225466 2013 001 46622.116
0000940 0.035874 -75.611946 -26.225466 2013 001 46626.116
0000944 0.035874 -75.611946 -26.225466 2013 001 46630.116
0000948 0.035873 -75.611946 -26.225466 2013 001 46634.115
0000952 0.035871 -75.611946 -26.225466 2013 001 46638.115
0000956 0.035874 -75.611946 -26.225462 2013 001 46642.114
0000960 0.035879 -75.611946 -26.225462 2013 001 46646.114
0000964 0.035889 -75.611946 -26.225462 2013 001 46650.114
0000968 0.035903 -75.611946 -26.225462 2013 001 46654.113
0000972 0.035921 -75.611946 -26.225462 2013 001 46658.113
0000976 0.035942 -75.611946 -26.225462 2013 001 46662.112
0000980 0.035972 -75.611946 -26.225462 2013 001 46666.112
0000984 0.036011 -75.611946 -26.225462 2013 001 46670.112
0000988 0.036053 -75.611946 -26.225462 2013 001 46674.111
0000992 0.036101 -75.611946 -26.225462 2013 001 46678.111
0000996 0.036151 -75.611946 -26.225460 2013 001 46682.111
0001000 0.036204 -75.611946 -26.225460 2013 001 46686.110
0001004 0.036202 -75.611946 -26.225462 2013 001 46690.110
0001008 0.036154 -75.611946 -26.225462 2013 001 46694.109
0001012 0.036118 -75.611946 -26.225462 2013 001 46698.109
0001016 0.036094 -75.611946 -26.225466 2013 001 46702.109
0001020 0.036081 -75.611946 -26.225466 2013 001 46706.108
0001024 0.036080 -75.611946 -26.225466 2013 001 46710.108
0001028 0.036084 -75.611946 -26.225466 2013 001 46714.108
0001032 0.036095 -75.611946 -26.225466 2013 001 46718.107
0001036 0.036111 -75.611946 -26.225466 2013 001 46722.107
0001040 0.036132 -75.611946 -26.225466 2013 001 46726.106
0001044 0.036156 -75.611946 -26.225466 2013 001 46730.106
0001048 0.036185 -75.611946 -26.225466 2013 001 46734.106
0001052 0.036216 -75.611946 -26.225466 2013 001 46738.105
0001056 0.036249 -75.611946 -26.225466 2013 001 46742.105
0001060 0.036281 -75.611946 -26.225466 2013 001 46746.104
0001064 0.036310 -75.611946 -26.225466 2013 001 46750.104
0001068 0.036335 -75.611946 -26.225466 2013 001 46754.104
0001072 0.036357 -75.611946 -26.225466 2013 001 46758.103
0001076 0.036380 -75.611946 -26.225468 2013 001 46762.103
0001080 0.036398 -75.611946 -26.225468 2013 001 46766.103
0001084 0.036426 -75.611946 -26.225468 2013 001 46770.102
0001088 0.036452 -75.611946 -26.225468 2013 001 46774.102
0001092 0.036477 -75.611946 -26.225468 2013 001 46778.101
0001096 0.036488 -75.611946 -26.225470 2013 001 46782.101
0001100 0.036453 -75.611946 -26.225470 2013 001 46786.101
0001104 0.036400 -75.611946 -26.225470 2013 001 46790.100
0001108 0.036346 -75.611946 -26.225470 2013 001 46794.100
0001112 0.036295 -75.611946 -26.225473 2013 001 46798.099
0001116 0.036243 -75.611946 -26.225473 2013 001 46802.099
0001120 0.036191 -75.611946 -26.225473 2013 001 46806.099
0001124 0.036139 -75.611946 -26.225475 2013 001 46810.098
0001128 0.036086 -75.611946 -26.225475 2013 001 46814.098
0001132 0.036031 -75.611946 -26.225475 2013 001 46818.098
0001136 0.035973 -75.611946 -26.225475 2013 001 46822.097
0001140 0.035905 -75.611946 -26.225475 2013 001 46826.097
0001144 0.035823 -75.611946 -26.225475 2013 001 46830.096
0001148 0.035735 -75.611946 -26.225479 2013 001 46834.096
0001152 0.035641 -75.611946 -26.225479 2013 001 46838.096
0001156 0.035544 -75.611946 -26.225479 2013 001 46842.095
0001160 0.035446 -75.611946 -26.225479 2013 001 46846.095
0001164 0.035352 -75.611946 -26.225479 2013 001 46850.095
0001168 0.035265 -75.611946 -26.225479 2013 001 46854.094
0001172 0.035186 -75.611946 -26.225479 2013 001 46858.094
0001176 0.035116 -75.611946 -26.225479 2013 001 46862.093
0001180 0.035056 -75.611946 -26.225481 2013 001 46866.093
0001184 0.035005 -75.611946 -26.225481 2013 001 46870.093
0001188 0.034962 -75.611946 -26.225481 2013 001 46874.092
0001192 0.034969 -75.611946 -26.225481 2013 001 46878.092
0001196 0.035018 -75.611946 -26.225481 2013 001 46882.091
0001200 0.035031 -75.611946 -26.225483 2013 001 46886.091
0001204 0.034988 -75.611946 -26.225483 2013 001 46890.091
0001208 0.034991 -75.611946 -26.225483 2013 001 46894.090
0001212 0.035020 -75.611946 -26.225483 2013 001 46898.090
0001216 0.035047 -75.611946 -26.225483 2013 001 46902.090
0001220 0.035072 -75.611946 -26.225483 2013 001 46906.089
0001224 0.035093 -75.611946 -26.225483 2013 001 46910.089
0001228 0.035108 -75.611946 -26.225487 2013 001 46914.088
0001232 0.035113 -75.611946 -26.225487 2013 001 46918.088
0001236 0.035113 -75.611946 -26.225487 2013 001 46922.088
0001240 0.035108 -75.611946 -26.225487 2013 001 46926.087
0001244 0.035102 -75.611946 -26.225487 2013 001 46930.087
0001248 0.035084 -75.611946 -26.225487 2013 001 46934.087
0001252 0.035041 -75.611946 -26.225487 2013 001 46938.086
0001256 0.034994 -75.611946 -26.225487 2013 001 46942.086
0001260 0.034943 -75.611946 -26.225487 2013 001 46946.085
0001264 0.034926 -75.611946 -26.225487 2013 001 46950.085
0001268 0.034894 -75.611946 -26.225487 2013 001 46954.085
0001272 0.034873 -75.611946 -26.225487 2013 001 46958.084
0001276 0.034852 -75.611946 -26.225487 2013 001 46962.084
0001280 0.034805 -75.611946 -26.225487 2013 001 46966.083
0001284 0.034800 -75.611946 -26.225487 2013 001 46970.083
0001288 0.034772 -75.611946 -26.225487 2013 001 46974.083
0001292 0.034761 -75.611946 -26.225487 2013 001 46978.082
0001296 0.034775 -75.611946 -26.225487 2013 001 46982.082
0001300 0.034754 -75.611946 -26.225487 2013 001 46986.082
0001304 0.034732 -75.611946 -26.225487 2013 001 46990.081
0001308 0.034706 -75.611946 -26.225487 2013 001 46994.081
0001312 0.034678 -75.611946 -26.225487 2013 001 46998.080
0001316 0.034648 -75.611946 -26.225487 2013 001 47002.080
0001320 0.034615 -75.611946 -26.225487 2013 001 47006.080
0001324 0.034583 -75.611946 -26.225487 2013 001 47010.079
0001328 0.034551 -75.611946 -26.225487 2013 001 47014.079
0001332 0.034523 -75.611946 -26.225487 2013 001 47018.078
0001336 0.034499 -75.611946 -26.225487 2013 001 47022.078
0001340 0.034482 -75.611946 -26.225487 2013 001 47026.078
0001344 0.034469 -75.611946 -26.225487 2013 001 47030.077
0001348 0.034459 -75.611946 -26.225487 2013 001 47034.077
0001352 0.034453 -75.611946 -26.225487 2013 001 47038.077
0001356 0.034450 -75.611946 -26.225487 2013 001 47042.076
0001360 0.034450 -75.611946 -26.225487 2013 001 47046.076
0001364 0.034451 -75.611946 -26.225487 2013 001 47050.075
0001368 0.034453 -75.611946 -26.225487 2013 001 47054.075
0001372 0.034456 -75.611946 -26.225487 2013 001 47058.075
0001376 0.034459 -75.611946 -26.225489 2013 001 47062.074
0001380 0.034464 -75.611946 -26.225489 2013 001 47066.074
0001384 0.034467 -75.611946 -26.225489 2013 001 47070.074
0001388 0.034470 -75.611946 -26.225489 2013 001 47074.073
0001392 0.034469 -75.611946 -26.225489 2013 001 47078.073
0001396 0.034467 -75.611946 -26.225489 2013 001 47082.072
0001400 0.034462 -75.611946 -26.225489 2013 001 47086.072
0001404 0.034453 -75.611946 -26.225489 2013 001 47090.072
0001408 0.034441 -75.611946 -26.225489 2013 001 47094.071
0001412 0.034431 -75.611946 -26.225489 2013 001 47098.071
0001416 0.034424 -75.611946 -26.225489 2013 001 47102.070
0001420 0.034422 -75.611946 -26.225489 2013 001 47106.070
0001424 0.034426 -75.611946 -26.225489 2013 001 47110.070
0001428 0.034432 -75.611946 -26.225489 2013 001 47114.069
0001432 0.034442 -75.611946 -26.225489 2013 001 47118.069
0001436 0.034455 -75.611946 -26.225489 2013 001 47122.069
0001440 0.034468 -75.611946 -26.225489 2013 001 47126.068
0001444 0.034484 -75.611946 -26.225489 2013 001 47130.068
0001448 0.034496 -75.611946 -26.225489 2013 001 47134.067
0001452 0.034506 -75.611946 -26.225489 2013 001 47138.067
0001456 0.034554 -75.611946 -26.225489 2013 001 47142.067
0001460 0.034595 -75.611946 -26.225489 2013 001 47146.066
0001464 0.034629 -75.611946 -26.225487 2013 001 47150.066
0001468 0.034660 -75.611954 -26.225487 2013 001 47154.066
0001472 0.034691 -75.611954 -26.225487 2013 001 47158.065
0001476 0.034720 -75.611954 -26.225487 2013 001 47162.065
0001480 0.034751 -75.611954 -26.225487 2013 001 47166.064
0001484 0.034781 -75.611954 -26.225487 2013 001 47170.064
0001488 0.034810 -75.611954 -26.225487 2013 001 47174.064
0001492 0.034839 -75.611954 -26.225487 2013 001 47178.063
0001496 0.034869 -75.611954 -26.225487 2013 001 47182.063
0001500 0.034902 -75.611954 -26.225487 2013 001 47186.062
0001504 0.034937 -75.611954 -26.225487 2013 001 47190.062
0001508 0.034977 -75.611954 -26.225487 2013 001 47194.062
0001512 0.035020 -75.611954 -26.225487 2013 001 47198.061
0001516 0.035056 -75.611954 -26.225483 2013 001 47202.061
0001520 0.035081 -75.611954 -26.225483 2013 001 47206.061
0001524 0.035097 -75.611954 -26.225483 2013 001 47210.060
0001528 0.035109 -75.611954 -26.225483 2013 001 47214.060
0001532 0.035115 -75.611954 -26.225483 2013 001 47218.059
0001536 0.035118 -75.611954 -26.225483 2013 001 47222.059
0001540 0.035117 -75.611954 -26.225483 2013 001 47226.059
0001544 0.035112 -75.611954 -26.225481 2013 001 47230.058
0001548 0.035106 -75.611954 -26.225481 2013 001 47234.058
0001552 0.035100 -75.611946 -26.225481 2013 001 47238.057
0001556 0.035095 -75.611946 -26.225481 2013 001 47242.057
0001560 0.035090 -75.611946 -26.225481 2013 001 47246.057
0001564 0.035086 -75.611946 -26.225481 2013 001 47250.056
0001568 0.035084 -75.611946 -26.225481 2013 001 47254.056
0001572 0.035086 -75.611946 -26.225481 2013 001 47258.056
0001576 0.035086 -75.611946 -26.225483 2013 001 47262.055
0001580 0.035086 -75.611946 -26.225483 2013 001 47266.055
0001584 0.035088 -75.611946 -26.225483 2013 001 47270.054
0001588 0.035092 -75.611946 -26.225483 2013 001 47274.054
0001592 0.035094 -75.611946 -26.225483 2013 001 47278.054
0001596 0.035096 -75.611954 -26.225483 2013 001 47282.053
0001600 0.035095 -75.611954 -26.225483 2013 001 47286.053
0001604 0.035092 -75.611954 -26.225483 2013 001 47290.053
0001608 0.035089 -75.611954 -26.225483 2013 001 47294.052
0001612 0.035085 -75.611954 -26.225483 2013 001 47298.052
0001616 0.035081 -75.611954 -26.225483 2013 001 47302.051
0001620 0.035077 -75.611954 -26.225483 2013 001 47306.051
0001624 0.035071 -75.611954 -26.225483 2013 001 47310.051
0001628 0.035064 -75.611954 -26.225483 2013 001 47314.050
0001632 0.035057 -75.611954 -26.225483 2013 001 47318.050
0001636 0.035051 -75.611954 -26.225483 2013 001 47322.049
0001640 0.035047 -75.611954 -26.225483 2013 001 47326.049
0001644 0.035035 -75.611954 -26.225483 2013 001 47330.049
0001648 0.035014 -75.611954 -26.225483 2013 001 47334.048
0001652 0.034989 -75.611954 -26.225483 2013 001 47338.048
0001656 0.034960 -75.611954 -26.225483 2013 001 47342.048
0001660 0.034926 -75.611954 -26.225483 2013 001 47346.047
0001664 0.034890 -75.611954 -26.225483 2013 001 47350.047
0001668 0.034854 -75.611954 -26.225483 2013 001 47354.046
0001672 0.034818 -75.611954 -26.225483 2013 001 47358.046
0001676 0.034783 -75.611954 -26.225481 2013 001 47362.046
0001680 0.034749 -75.611954 -26.225481 2013 001 47366.045
0001684 0.034715 -75.611954 -26.225481 2013 001 47370.045
0001688 0.034683 -75.611954 -26.225481 2013 001 47374.045
0001692 0.034652 -75.611954 -26.225481 2013 001 47378.044
0001696 0.034622 -75.611954 -26.225481 2013 001 47382.044
0001700 0.034596 -75.611954 -26.225481 2013 001 47386.043
0001704 0.034571 -75.611954 -26.225481 2013 001 47390.043
0001708 0.034547 -75.611954 -26.225481 2013 001 47394.043
0001712 0.034523 -75.611954 -26.225479 2013 001 47398.042
0001716 0.034499 -75.611954 -26.225479 2013 001 47402.042
0001720 0.034513 -75.611954 -26.225479 2013 001 47406.041
0001724 0.034524 -75.611954 -26.225479 2013 001 47410.041
0001728 0.034536 -75.611954 -26.225479 2013 001 47414.041
0001732 0.034546 -75.611954 -26.225475 2013 001 47418.040
0001736 0.034555 -75.611954 -26.225475 2013 001 47422.040
0001740 0.034565 -75.611954 -26.225475 2013 001 47426.040
0001744 0.034575 -75.611954 -26.225475 2013 001 47430.039
0001748 0.034583 -75.611954 -26.225475 2013 001 47434.039
0001752 0.034591 -75.611954 -26.225475 2013 001 47438.038
0001756 0.034584 -75.611954 -26.225473 2013 001 47442.038
0001760 0.034575 -75.611954 -26.225473 2013 001 47446.038
0001764 0.034563 -75.611954 -26.225473 2013 001 47450.037
0001768 0.034547 -75.611954 -26.225473 2013 001 47454.037
0001772 0.034526 -75.611954 -26.225473 2013 001 47458.037
0001776 0.034501 -75.611954 -26.225473 2013 001 47462.036
0001780 0.034474 -75.611954 -26.225473 2013 001 47466.036
0001784 0.034445 -75.611954 -26.225473 2013 001 47470.035
0001788 0.034413 -75.611954 -26.225470 2013 001 47474.035
0001792 0.034382 -75.611954 -26.225470 2013 001 47478.035
0001796 0.034351 -75.611954 -26.225470 2013 001 47482.034
0001800 0.034322 -75.611954 -26.225470 2013 001 47486.034
0001804 0.034293 -75.611954 -26.225470 2013 001 47490.033
0001808 0.034260 -75.611954 -26.225470 2013 001 47494.033
0001812 0.034225 -75.611954 -26.225470 2013 001 47498.033
0001816 0.034191 -75.611954 -26.225470 2013 001 47502.032
0001820 0.034166 -75.611954 -26.225470 2013 001 47506.032
0001824 0.034141 -75.611954 -26.225470 2013 001 47510.032
0001828 0.034116 -75.611954 -26.225470 2013 001 47514.031
0001832 0.034089 -75.611954 -26.225468 2013 001 47518.031
0001836 0.034061 -75.611954 -26.225468 2013 001 47522.030
0001840 0.034030 -75.611954 -26.225468 2013 001 47526.030
0001844 0.033995 -75.611954 -26.225468 2013 001 47530.030
0001848 0.033960 -75.611946 -26.225468 2013 001 47534.029
0001852 0.033925 -75.611946 -26.225468 2013 001 47538.029
0001856 0.033893 -75.611946 -26.225468 2013 001 47542.028
0001860 0.033864 -75.611946 -26.225468 2013 001 47546.028
0001864 0.033839 -75.611946 -26.225468 2013 001 47550.028
0001868 0.033816 -75.611946 -26.225468 2013 001 47554.027
0001872 0.033793 -75.611946 -26.225468 2013 001 47558.027
0001876 0.033770 -75.611946 -26.225468 2013 001 47562.027
0001880 0.033745 -75.611946 -26.225468 2013 001 47566.026
0001884 0.033719 -75.611946 -26.225468 2013 001 47570.026
0001888 0.033692 -75.611946 -26.225468 2013 001 47574.025
0001892 0.033665 -75.611946 -26.225468 2013 001 47578.025
0001896 0.033641 -75.611946 -26.225468 2013 001 47582.025
0001900 0.033618 -75.611946 -26.225468 2013 001 47586.024
0001904 0.033600 -75.611946 -26.225468 2013 001 47590.024
0001908 0.033580 -75.611946 -26.225468 2013 001 47594.024
0001912 0.033557 -75.611946 -26.225468 2013 001 47598.023
0001916 0.033533 -75.611946 -26.225470 2013 001 47602.023
0001920 0.033506 -75.611946 -26.225470 2013 001 47606.022
0001924 0.033480 -75.611946 -26.225470 2013 001 47610.022
0001928 0.033455 -75.611946 -26.225470 2013 001 47614.022
0001932 0.033433 -75.611954 -26.225470 2013 001 47618.021
0001936 0.033416 -75.611954 -26.225473 2013 001 47622.021
0001940 0.033402 -75.611954 -26.225473 2013 001 47626.020
0001944 0.033388 -75.611954 -26.225473 2013 001 47630.020
0001948 0.033374 -75.611954 -26.225475 2013 001 47634.020
0001952 0.033362 -75.611954 -26.225475 2013 001 47638.019
0001956 0.033351 -75.611954 -26.225475 2013 001 47642.019
0001960 0.033339 -75.611954 -26.225475 2013 001 47646.019
0001964 0.033327 -75.611954 -26.225479 2013 001 47650.018
0001968 0.033314 -75.611954 -26.225479 2013 001 47654.018
0001972 0.033298 -75.611954 -26.225479 2013 001 47658.017
0001976 0.033279 -75.611954 -26.225481 2013 001 47662.017
0001980 0.033258 -75.611954 -26.225481 2013 001 47666.017
0001984 0.033252 -75.611954 -26.225481 2013 001 47670.016
0001988 0.033260 -75.611954 -26.225481 2013 001 47674.016
0001992 0.033261 -75.611954 -26.225481 2013 001 47678.016
0001996 0.033257 -75.611954 -26.225481 2013 001 47682.015
0002000 0.033252 -75.611954 -26.225481 2013 001 47686.015
0002004 0.033277 -75.611954 -26.225483 2013 001 47690.014
0002008 0.033360 -75.611954 -26.225483 2013 001 47694.014
0002012 0.033465 -75.611954 -26.225483 2013 001 47698.014
0002016 0.033563 -75.611954 -26.225487 2013 001 47702.013
0002020 0.033654 -75.611954 -26.225487 2013 001 47706.013
0002024 0.033740 -75.611954 -26.225487 2013 001 47710.012
0002028 0.033819 -75.611954 -26.225489 2013 001 47714.012
0002032 0.033895 -75.611954 -26.225489 2013 001 47718.012
0002036 0.033966 -75.611954 -26.225489 2013 001 47722.011
0002040 0.034031 -75.611954 -26.225489 2013 001 47726.011
0002044 0.034093 -75.611954 -26.225492 2013 001 47730.011
0002048 0.034153 -75.611946 -26.225492 2013 001 47734.010
0002052 0.034212 -75.611946 -26.225492 2013 001 47738.010
0002056 0.034269 -75.611946 -26.225492 2013 001 47742.009
0002060 0.034323 -75.611946 -26.225494 2013 001 47746.009
0002064 0.034374 -75.611946 -26.225494 2013 001 47750.009
0002068 0.034421 -75.611946 -26.225494 2013 001 47754.008
0002072 0.034464 -75.611946 -26.225494 2013 001 47758.008
0002076 0.034503 -75.611946 -26.225494 2013 001 47762.008
0002080 0.034535 -75.611946 -26.225494 2013 001 47766.007
0002084 0.034552 -75.611946 -26.225494 2013 001 47770.007
0002088 0.034564 -75.611946 -26.225494 2013 001 47774.006
0002092 0.034573 -75.611946 -26.225494 2013 001 47778.006
0002096 0.034580 -75.611946 -26.225494 2013 001 47782.006
0002100 0.034589 -75.611946 -26.225494 2013 001 47786.005
0002104 0.034616 -75.611946 -26.225494 2013 001 47790.005
0002108 0.034645 -75.611946 -26.225494 2013 001 47794.005
0002112 0.034674 -75.611946 -26.225494 2013 001 47798.004
0002116 0.034703 -75.611946 -26.225494 2013 001 47802.004
0002120 0.034716 -75.611946 -26.225494 2013 001 47806.003
0002124 0.034734 -75.611946 -26.225494 2013 001 47810.003
0002128 0.034707 -75.611946 -26.225494 2013 001 47814.003
0002132 0.034712 -75.611946 -26.225494 2013 001 47818.002
0002136 0.034682 -75.611946 -26.225496 2013 001 47822.002
0002140 0.034654 -75.611946 -26.225496 2013 001 47826.002
0002144 0.034643 -75.611946 -26.225496 2013 001 47830.001
0002148 0.034630 -75.611946 -26.225496 2013 001 47834.001
0002152 0.034617 -75.611946 -26.225496 2013 001 47838.000
0002156 0.034604 -75.611946 -26.225496 2013 001 47842.000
0002160 0.034595 -75.611946 -26.225496 2013 001 47846.000
0002164 0.034590 -75.611946 -26.225496 2013 001 47849.999
0002168 0.034591 -75.611946 -26.225496 2013 001 47853.999
0002172 0.034597 -75.611946 -26.225496 2013 001 47857.999
0002176 0.034608 -75.611946 -26.225496 2013 001 47861.998
0002180 0.034620 -75.611946 -26.225496 2013 001 47865.998
0002184 0.034630 -75.611946 -26.225496 2013 001 47869.997
0002188 0.034638 -75.611946 -26.225496 2013 001 47873.997
0002192 0.034643 -75.611946 -26.225496 2013 001 47877.997
0002196 0.034642 -75.611946 -26.225496 2013 001 47881.996
0002200 0.034633 -75.611946 -26.225496 2013 001 47885.996
0002204 0.034616 -75.611946 -26.225496 2013 001 47889.996
0002208 0.034592 -75.611946 -26.225496 2013 001 47893.995
0002212 0.034563 -75.611946 -26.225496 2013 001 47897.995
0002216 0.034529 -75.611946 -26.225496 2013 001 47901.994
0002220 0.034493 -75.611946 -26.225496 2013 001 47905.994
0002224 0.034456 -75.611946 -26.225496 2013 001 47909.994
0002228 0.034420 -75.611946 -26.225496 2013 001 47913.993
0002232 0.034383 -75.611946 -26.225496 2013 001 47917.993
0002236 0.034345 -75.611946 -26.225496 2013 001 47921.993
0002240 0.034306 -75.611946 -26.225496 2013 001 47925.992
0002244 0.034265 -75.611946 -26.225496 2013 001 47929.992
0002248 0.034224 -75.611946 -26.225496 2013 001 47933.991
0002252 0.034179 -75.611946 -26.225496 2013 001 47937.991
0002256 0.034168 -75.611946 -26.225496 2013 001 47941.991
0002260 0.034151 -75.611946 -26.225496 2013 001 47945.990
0002264 0.034131 -75.611946 -26.225496 2013 001 47949.990
0002268 0.034109 -75.611946 -26.225500 2013 001 47953.990
0002272 0.034088 -75.611946 -26.225500 2013 001 47957.989
0002276 0.034072 -75.611946 -26.225500 2013 001 47961.989
0002280 0.034062 -75.611946 -26.225500 2013 001 47965.988
0002284 0.034056 -75.611946 -26.225500 2013 001 47969.988
0002288 0.034056 -75.611946 -26.225502 2013 001 47973.988
0002292 0.034060 -75.611946 -26.225502 2013 001 47977.987
0002296 0.034065 -75.611946 -26.225502 2013 001 47981.987
0002300 0.034067 -75.611946 -26.225502 2013 001 47985.987
0002304 0.034067 -75.611946 -26.225502 2013 001 47989.986
0002308 0.034066 -75.611946 -26.225502 2013 001 47993.986
0002312 0.034060 -75.611946 -26.225506 2013 001 47997.985
0002316 0.034049 -75.611946 -26.225506 2013 001 48001.985
0002320 0.034033 -75.611946 -26.225506 2013 001 48005.985
0002324 0.034013 -75.611946 -26.225506 2013 001 48009.984
0002328 0.033988 -75.611946 -26.225506 2013 001 48013.984
0002332 0.033958 -75.611946 -26.225506 2013 001 48017.984
0002336 0.033923 -75.611946 -26.225508 2013 001 48021.983
0002340 0.033883 -75.611946 -26.225508 2013 001 48025.983
0002344 0.033838 -75.611946 -26.225508 2013 001 48029.982
0002348 0.033790 -75.611946 -26.225508 2013 001 48033.982
0002352 0.033746 -75.611946 -26.225508 2013 001 48037.982
0002356 0.033704 -75.611946 -26.225508 2013 001 48041.981
0002360 0.033667 -75.611946 -26.225508 2013 001 48045.981
0002364 0.033632 -75.611946 -26.225508 2013 001 48049.981
0002368 0.033604 -75.611946 -26.225508 2013 001 48053.980
0002372 0.033578 -75.611946 -26.225508 2013 001 48057.980
0002376 0.033555 -75.611946 -26.225508 2013 001 48061.979
0002380 0.033532 -75.611946 -26.225508 2013 001 48065.979
0002384 0.033506 -75.611946 -26.225508 2013 001 48069.979
0002388 0.033484 -75.611946 -26.225508 2013 001 48073.978
0002392 0.033464 -75.611946 -26.225510 2013 001 48077.978
0002396 0.033445 -75.611946 -26.225510 2013 001 48081.978
0002400 0.033424 -75.611946 -26.225510 2013 001 48085.977
0002404 0.033404 -75.611946 -26.225510 2013 001 48089.977
0002408 0.033389 -75.611946 -26.225510 2013 001 48093.976
0002412 0.033378 -75.611946 -26.225510 2013 001 48097.976
0002416 0.033369 -75.611946 -26.225510 2013 001 48101.976
0002420 0.033361 -75.611946 -26.225510 2013 001 48105.975
0002424 0.033359 -75.611946 -26.225513 2013 001 48109.975
0002428 0.033370 -75.611946 -26.225513 2013 001 48113.975
0002432 0.033380 -75.611946 -26.225513 2013 001 48117.974
0002436 0.033390 -75.611946 -26.225513 2013 001 48121.974
0002440 0.033400 -75.611946 -26.225513 2013 001 48125.973
0002444 0.033412 -75.611946 -26.225510 2013 001 48129.973
0002448 0.033422 -75.611946 -26.225510 2013 001 48133.973
0002452 0.033432 -75.611946 -26.225510 2013 001 48137.972
0002456 0.033443 -75.611946 -26.225510 2013 001 48141.972
0002460 0.033455 -75.611946 -26.225510 2013 001 48145.972
0002464 0.033466 -75.611946 -26.225510 2013 001 48149.971
0002468 0.033480 -75.611946 -26.225510 2013 001 48153.971
0002472 0.033495 -75.611946 -26.225508 2013 001 48157.970
0002476 0.033511 -75.611946 -26.225508 2013 001 48161.970
0002480 0.033531 -75.611946 -26.225508 2013 001 48165.970
0002484 0.033550 -75.611954 -26.225508 2013 001 48169.969
0002488 0.033570 -75.611954 -26.225508 2013 001 48173.969
0002492 0.033588 -75.611954 -26.225508 2013 001 48177.969
0002496 0.033604 -75.611954 -26.225508 2013 001 48181.968
0002500 0.033616 -75.611954 -26.225506 2013 001 48185.968
0002504 0.033622 -75.611954 -26.225506 2013 001 48189.967
0002508 0.033622 -75.611954 -26.225506 2013 001 48193.967
0002512 0.033624 -75.611954 -26.225506 2013 001 48197.967
0002516 0.033627 -75.611954 -26.225506 2013 001 48201.966
0002520 0.033632 -75.611954 -26.225502 2013 001 48205.966
0002524 0.033647 -75.611954 -26.225502 2013 001 48209.966
0002528 0.033687 -75.611954 -26.225502 2013 001 48213.965
0002532 0.033725 -75.611954 -26.225502 2013 001 48217.965
0002536 0.033761 -75.611954 -26.225502 2013 001 48221.964
0002540 0.033795 -75.611954 -26.225502 2013 001 48225.964
0002544 0.033827 -75.611954 -26.225502 2013 001 48229.964
0002548 0.033854 -75.611954 -26.225502 2013 001 48233.963
0002552 0.033876 -75.611954 -26.225500 2013 001 48237.963
0002556 0.033898 -75.611954 -26.225500 2013 001 48241.963
0002560 0.033924 -75.611954 -26.225500 2013 001 48245.962
0002564 0.033967 -75.611954 -26.225500 2013 001 48249.962
0002568 0.034008 -75.611954 -26.225500 2013 001 48253.961
0002572 0.034048 -75.611954 -26.225500 2013 001 48257.961
0002576 0.034095 -75.611954 -26.225500 2013 001 48261.961
0002580 0.034139 -75.611954 -26.225500 2013 001 48265.960
0002584 0.034167 -75.611954 -26.225500 2013 001 48269.960
0002588 0.034185 -75.611954 -26.225500 2013 001 48273.960
0002592 0.034206 -75.611954 -26.225496 2013 001 48277.959
0002596 0.034228 -75.611954 -26.225496 2013 001 48281.959
0002600 0.034252 -75.611954 -26.225500 2013 001 48285.958
0002604 0.034276 -75.611954 -26.225500 2013 001 48289.958
0002608 0.034299 -75.611954 -26.225500 2013 001 48293.958
0002612 0.034321 -75.611954 -26.225500 2013 001 48297.957
0002616 0.034342 -75.611954 -26.225500 2013 001 48301.957
0002620 0.034360 -75.611954 -26.225500 2013 001 48305.957
0002624 0.034377 -75.611954 -26.225500 2013 001 48309.956
0002628 0.034393 -75.611954 -26.225500 2013 001 48313.956
0002632 0.034407 -75.611954 -26.225502 2013 001 48317.955
0002636 0.034420 -75.611954 -26.225502 2013 001 48321.955
0002640 0.034430 -75.611954 -26.225502 2013 001 48325.955
0002644 0.034435 -75.611954 -26.225506 2013 001 48329.954
0002648 0.034436 -75.611954 -26.225506 2013 001 48333.954
0002652 0.034430 -75.611954 -26.225506 2013 001 48337.954
0002656 0.034419 -75.611954 -26.225506 2013 001 48341.953
0002660 0.034403 -75.611954 -26.225508 2013 001 48345.953
0002664 0.034381 -75.611954 -26.225508 2013 001 48349.952
0002668 0.034357 -75.611954 -26.225508 2013 001 48353.952
0002672 0.034329 -75.611954 -26.225508 2013 001 48357.952
0002676 0.034297 -75.611946 -26.225508 2013 001 48361.951
0002680 0.034262 -75.611946 -26.225510 2013 001 48365.951
0002684 0.034221 -75.611946 -26.225510 2013 001 48369.951
0002688 0.034177 -75.611946 -26.225510 2013 001 48373.950
0002692 0.034130 -75.611946 -26.225510 2013 001 48377.950
0002696 0.034082 -75.611946 -26.225510 2013 001 48381.949
0002700 0.034036 -75.611946 -26.225510 2013 001 48385.949
0002704 0.033991 -75.611946 -26.225510 2013 001 48389.949
0002708 0.033947 -75.611946 -26.225510 2013 001 48393.948
0002712 0.033903 -75.611946 -26.225510 2013 001 48397.948
0002716 0.033856 -75.611946 -26.225510 2013 001 48401.948
0002720 0.033808 -75.611946 -26.225510 2013 001 48405.947
0002724 0.033758 -75.611946 -26.225510 2013 001 48409.947
0002728 0.033712 -75.611946 -26.225510 2013 001 48413.946
0002732 0.033668 -75.611946 -26.225508 2013 001 48417.946
0002736 0.033629 -75.611946 -26.225508 2013 001 48421.946
0002740 0.033591 -75.611946 -26.225508 2013 001 48425.945
0002744 0.033556 -75.611946 -26.225508 2013 001 48429.945
0002748 0.033520 -75.611946 -26.225508 2013 001 48433.945
0002752 0.033482 -75.611946 -26.225508 2013 001 48437.944
0002756 0.033448 -75.611946 -26.225508 2013 001 48441.944
0002760 0.033426 -75.611946 -26.225508 2013 001 48445.943
0002764 0.033409 -75.611946 -26.225508 2013 001 48449.943
0002768 0.033398 -75.611946 -26.225508 2013 001 48453.943
0002772 0.033393 -75.611946 -26.225506 2013 001 48457.942
0002776 0.033397 -75.611946 -26.225506 2013 001 48461.942
0002780 0.033407 -75.611946 -26.225506 2013 001 48465.942
0002784 0.033423 -75.611946 -26.225506 2013 001 48469.941
0002788 0.033443 -75.611946 -26.225506 2013 001 48473.941
0002792 0.033469 -75.611946 -26.225506 2013 001 48477.940
0002796 0.033500 -75.611946 -26.225506 2013 001 48481.940
0002800 0.033556 -75.611946 -26.225502 2013 001 48485.940
0002804 0.033624 -75.611946 -26.225502 2013 001 48489.939
0002808 0.033693 -75.611946 -26.225502 2013 001 48493.939
0002812 0.033767 -75.611946 -26.225502 2013 001 48497.939
0002816 0.033843 -75.611946 -26.225502 2013 001 48501.938
0002820 0.033921 -75.611946 -26.225500 2013 001 48505.938
0002824 0.034000 -75.611946 -26.225500 2013 001 48509.937
0002828 0.034081 -75.611946 -26.225500 2013 001 48513.937
0002832 0.034162 -75.611946 -26.225500 2013 001 48517.937
0002836 0.034241 -75.611946 -26.225496 2013 001 48521.936
0002840 0.034319 -75.611946 -26.225496 2013 001 48525.936
0002844 0.034396 -75.611946 -26.225496 2013 001 48529.936
0002848 0.034478 -75.611946 -26.225496 2013 001 48533.935
0002852 0.034562 -75.611946 -26.225496 2013 001 48537.935
0002856 0.034643 -75.611946 -26.225494 2013 001 48541.934
0002860 0.034722 -75.611946 -26.225494 2013 001 48545.934
0002864 0.034795 -75.611946 -26.225494 2013 001 48549.934
0002868 0.034863 -75.611946 -26.225494 2013 001 48553.933
0002872 0.034927 -75.611946 -26.225494 2013 001 48557.933
0002876 0.034983 -75.611946 -26.225494 2013 001 48561.933
0002880 0.035030 -75.611946 -26.225494 2013 001 48565.932
0002884 0.035069 -75.611946 -26.225492 2013 001 48569.932
0002888 0.035101 -75.611946 -26.225492 2013 001 48573.931
0002892 0.035125 -75.611946 -26.225492 2013 001 48577.931
0002896 0.035140 -75.611946 -26.225492 2013 001 48581.931
0002900 0.035147 -75.611946 -26.225492 2013 001 48585.930
0002904 0.035147 -75.611946 -26.225492 2013 001 48589.930
0002908 0.035146 -75.611946 -26.225492 2013 001 48593.930
0002912 0.035143 -75.611946 -26.225492 2013 001 48597.929
0002916 0.035138 -75.611946 -26.225492 2013 001 48601.929
0002920 0.035133 -75.611946 -26.225492 2013 001 48605.928
0002924 0.035129 -75.611946 -26.225492 2013 001 48609.928
0002928 0.035127 -75.611946 -26.225492 2013 001 48613.928
0002932 0.035126 -75.611946 -26.225492 2013 001 48617.927
0002936 0.035124 -75.611946 -26.225492 2013 001 48621.927
0002940 0.035123 -75.611946 -26.225492 2013 001 48625.927
0002944 0.035119 -75.611946 -26.225492 2013 001 48629.926
0002948 0.035110 -75.611946 -26.225492 2013 001 48633.926
0002952 0.035096 -75.611946 -26.225492 2013 001 48637.925
0002956 0.035075 -75.611946 -26.225492 2013 001 48641.925
0002960 0.035045 -75.611946 -26.225492 2013 001 48645.925
0002964 0.035009 -75.611946 -26.225492 2013 001 48649.924
0002968 0.034969 -75.611946 -26.225494 2013 001 48653.924
0002972 0.034923 -75.611946 -26.225494 2013 001 48657.924
0002976 0.034873 -75.611946 -26.225494 2013 001 48661.923
0002980 0.034821 -75.611946 -26.225494 2013 001 48665.923
0002984 0.034769 -75.611946 -26.225494 2013 001 48669.922
0002988 0.034720 -75.611946 -26.225494 2013 001 48673.922
0002992 0.034673 -75.611946 -26.225494 2013 001 48677.922
0002996 0.034626 -75.611946 -26.225494 2013 001 48681.921
0003000 0.034578 -75.611946 -26.225494 2013 001 48685.921
0003004 0.034529 -75.611946 -26.225494 2013 001 48689.921
0003008 0.034481 -75.611946 -26.225496 2013 001 48693.920
0003012 0.034437 -75.611946 -26.225496 2013 001 48697.920
0003016 0.034400 -75.611946 -26.225496 2013 001 48701.919
0003020 0.034371 -75.611946 -26.225496 2013 001 48705.919
0003024 0.034350 -75.611946 -26.225496 2013 001 48709.919
0003028 0.034335 -75.611946 -26.225496 2013 001 48713.918
0003032 0.034324 -75.611946 -26.225496 2013 001 48717.918
0003036 0.034318 -75.611946 -26.225496 2013 001 48721.918
0003040 0.034313 -75.611946 -26.225496 2013 001 48725.917
0003044 0.034310 -75.611946 -26.225496 2013 001 48729.917
0003048 0.034306 -75.611946 -26.225496 2013 001 48733.916
0003052 0.034290 -75.611946 -26.225496 2013 001 48737.916
0003056 0.034274 -75.611946 -26.225496 2013 001 48741.916
0003060 0.034260 -75.611946 -26.225496 2013 001 48745.915
0003064 0.034244 -75.611946 -26.225496 2013 001 48749.915
0003068 0.034228 -75.611946 -26.225496 2013 001 48753.915
0003072 0.034213 -75.611946 -26.225496 2013 001 48757.914
0003076 0.034214 -75.611946 -26.225496 2013 001 48761.914
0003080 0.034231 -75.611946 -26.225496 2013 001 48765.913
0003084 0.034249 -75.611946 -26.225496 2013 001 48769.913
0003088 0.034266 -75.611946 -26.225496 2013 001 48773.913
0003092 0.034283 -75.611946 -26.225496 2013 001 48777.912
0003096 0.034298 -75.611946 -26.225496 2013 001 48781.912
0003100 0.034317 -75.611946 -26.225496 2013 001 48785.912
0003104 0.034335 -75.611946 -26.225496 2013 001 48789.911
0003108 0.034353 -75.611946 -26.225496 2013 001 48793.911
0003112 0.034373 -75.611946 -26.225496 2013 001 48797.910
0003116 0.034393 -75.611946 -26.225496 2013 001 48801.910
0003120 0.034416 -75.611946 -26.225500 2013 001 48805.910
0003124 0.034438 -75.611946 -26.225500 2013 001 48809.909
0003128 0.034464 -75.611946 -26.225500 2013 001 48813.909
0003132 0.034495 -75.611946 -26.225500 2013 001 48817.909
0003136 0.034532 -75.611946 -26.225500 2013 001 48821.908
0003140 0.034575 -75.611946 -26.225500 2013 001 48825.908
0003144 0.034622 -75.611946 -26.225500 2013 001 48829.907
0003148 0.034670 -75.611946 -26.225500 2013 001 48833.907
0003152 0.034716 -75.611946 -26.225500 2013 001 48837.907
0003156 0.034758 -75.611946 -26.225496 2013 001 48841.906
0003160 0.034793 -75.611946 -26.225496 2013 001 48845.906
0003164 0.034824 -75.611946 -26.225496 2013 001 48849.905
0003168 0.034851 -75.611946 -26.225496 2013 001 48853.905
0003172 0.034876 -75.611946 -26.225496 2013 001 48857.905
0003176 0.034898 -75.611946 -26.225496 2013 001 48861.904
0003180 0.034921 -75.611946 -26.225496 2013 001 48865.904
0003184 0.034945 -75.611946 -26.225496 2013 001 48869.904
0003188 0.034973 -75.611946 -26.225496 2013 001 48873.903
0003192 0.035002 -75.611946 -26.225496 2013 001 48877.903
0003196 0.035032 -75.611946 -26.225496 2013 001 48881.902
0003200 0.035058 -75.611946 -26.225496 2013 001 48885.902
0003204 0.035080 -75.611946 -26.225496 2013 001 48889.902
0003208 0.035100 -75.611946 -26.225496 2013 001 48893.901
0003212 0.035116 -75.611946 -26.225496 2013 001 48897.901
0003216 0.035126 -75.611946 -26.225500 2013 001 48901.901
0003220 0.035129 -75.611946 -26.225500 2013 001 48905.900
0003224 0.035130 -75.611946 -26.225500 2013 001 48909.900
0003228 0.035128 -75.611946 -26.225500 2013 001 48913.899
0003232 0.035129 -75.611946 -26.225500 2013 001 48917.899
0003236 0.035132 -75.611946 -26.225500 2013 001 48921.899
0003240 0.035140 -75.611946 -26.225500 2013 001 48925.898
0003244 0.035154 -75.611946 -26.225500 2013 001 48929.898
0003248 0.035171 -75.611946 -26.225500 2013 001 48933.898
0003252 0.035190 -75.611946 -26.225500 2013 001 48937.897
0003256 0.035210 -75.611946 -26.225500 2013 001 48941.897
0003260 0.035230 -75.611946 -26.225500 2013 001 48945.896
0003264 0.035249 -75.611946 -26.225500 2013 001 48949.896
0003268 0.035272 -75.611946 -26.225500 2013 001 48953.896
0003272 0.035296 -75.611946 -26.225500 2013 001 48957.895
0003276 0.035318 -75.611946 -26.225500 2013 001 48961.895
0003280 0.035335 -75.611946 -26.225500 2013 001 48965.895
0003284 0.035354 -75.611946 -26.225500 2013 001 48969.894
0003288 0.035377 -75.611946 -26.225502 2013 001 48973.894
0003292 0.035399 -75.611946 -26.225502 2013 001 48977.893
0003296 0.035420 -75.611946 -26.225502 2013 001 48981.893
0003300 0.035443 -75.611946 -26.225502 2013 001 48985.893
0003304 0.035465 -75.611946 -26.225502 2013 001 48989.892
0003308 0.035483 -75.611946 -26.225502 2013 001 48993.892
0003312 0.035500 -75.611946 -26.225502 2013 001 48997.892
0003316 0.035513 -75.611946 -26.225502 2013 001 49001.891
0003320 0.035526 -75.611946 -26.225502 2013 001 49005.891
0003324 0.035538 -75.611946 -26.225506 2013 001 49009.890
0003328 0.035554 -75.611946 -26.225506 2013 001 49013.890
0003332 0.035567 -75.611946 -26.225506 2013 001 49017.890
0003336 0.035577 -75.611946 -26.225506 2013 001 49021.889
0003340 0.035581 -75.611946 -26.225506 2013 001 49025.889
0003344 0.035582 -75.611946 -26.225506 2013 001 49029.889
0003348 0.035578 -75.611946 -26.225508 2013 001 49033.888
0003352 0.035573 -75.611946 -26.225508 2013 001 49037.888
0003356 0.035573 -75.611946 -26.225508 2013 001 49041.887
0003360 0.035593 -75.611946 -26.225508 2013 001 49045.887
0003364 0.035612 -75.611946 -26.225508 2013 001 49049.887
0003368 0.035629 -75.611946 -26.225508 2013 001 49053.886
0003372 0.035644 -75.611946 -26.225508 2013 001 49057.886
0003376 0.035660 -75.611946 -26.225508 2013 001 49061.886
0003380 0.035680 -75.611946 -26.225510 2013 001 49065.885
0003384 0.035695 -75.611946 -26.225510 2013 001 49069.885
0003388 0.035707 -75.611946 -26.225510 2013 001 49073.884
0003392 0.035713 -75.611946 -26.225510 2013 001 49077.884
0003396 0.035716 -75.611946 -26.225510 2013 001 49081.884
0003400 0.035719 -75.611946 -26.225510 2013 001 49085.883
0003404 0.035727 -75.611946 -26.225510 2013 001 49089.883
0003408 0.035731 -75.611946 -26.225510 2013 001 49093.883
0003412 0.035735 -75.611946 -26.225513 2013 001 49097.882
0003416 0.035744 -75.611946 -26.225513 2013 001 49101.882
0003420 0.035759 -75.611946 -26.225513 2013 001 49105.881
0003424 0.035780 -75.611946 -26.225513 2013 001 49109.881
0003428 0.035855 -75.611946 -26.225513 2013 001 49113.881
0003432 0.035931 -75.611946 -26.225513 2013 001 49117.880
0003436 0.036005 -75.611954 -26.225513 2013 001 49121.880
0003440 0.036078 -75.611954 -26.225513 2013 001 49125.880
0003444 0.036152 -75.611954 -26.225513 2013 001 49129.879
0003448 0.036226 -75.611954 -26.225513 2013 001 49133.879
0003452 0.036301 -75.611954 -26.225513 2013 001 49137.878
0003456 0.036379 -75.611954 -26.225513 2013 001 49141.878
0003460 0.036455 -75.611954 -26.225513 2013 001 49145.878
0003464 0.036527 -75.611954 -26.225513 2013 001 49149.877
0003468 0.036590 -75.611954 -26.225513 2013 001 49153.877
0003472 0.036617 -75.611954 -26.225513 2013 001 49157.877
0003476 0.036632 -75.611954 -26.225513 2013 001 49161.876
0003480 0.036643 -75.611954 -26.225515 2013 001 49165.876
0003484 0.036650 -75.611954 -26.225515 2013 001 49169.875
0003488 0.036510 -75.611954 -26.225513 2013 001 49173.875
0003492 0.036325 -75.611954 -26.225513 2013 001 49177.875
0003496 0.036146 -75.611954 -26.225510 2013 001 49181.874
0003500 0.035973 -75.611946 -26.225510 2013 001 49185.874
0003504 0.035804 -75.611946 -26.225508 2013 001 49189.874
0003508 0.035655 -75.611946 -26.225508 2013 001 49193.873
0003512 0.035508 -75.611946 -26.225508 2013 001 49197.873
0003516 0.035363 -75.611946 -26.225506 2013 001 49201.872
0003520 0.035219 -75.611946 -26.225506 2013 001 49205.872
0003524 0.035075 -75.611946 -26.225502 2013 001 49209.872
0003528 0.034943 -75.611946 -26.225502 2013 001 49213.871
0003532 0.034824 -75.611946 -26.225502 2013 001 49217.871
0003536 0.034715 -75.611946 -26.225500 2013 001 49221.871
0003540 0.034617 -75.611946 -26.225500 2013 001 49225.870
0003544 0.034483 -75.611946 -26.225500 2013 001 49229.870
0003548 0.034353 -75.611946 -26.225500 2013 001 49233.869
0003552 0.034228 -75.611946 -26.225496 2013 001 49237.869
0003556 0.034114 -75.611946 -26.225496 2013 001 49241.869
0003560 0.034009 -75.611946 -26.225496 2013 001 49245.868
0003564 0.033914 -75.611946 -26.225496 2013 001 49249.868
0003568 0.033831 -75.611946 -26.225496 2013 001 49253.868
0003572 0.033754 -75.611946 -26.225494 2013 001 49257.867
0003576 0.033677 -75.611946 -26.225494 2013 001 49261.867
0003580 0.033599 -75.611946 -26.225494 2013 001 49265.866
0003584 0.033528 -75.611946 -26.225492 2013 001 49269.866
0003588 0.033466 -75.611946 -26.225492 2013 001 49273.866
0003592 0.033416 -75.611946 -26.225492 2013 001 49277.865
0003596 0.033380 -75.611946 -26.225489 2013 001 49281.865
0003600 0.033355 -75.611946 -26.225489 2013 001 49285.865
0003604 0.033323 -75.611946 -26.225487 2013 001 49289.864
0003608 0.033285 -75.611946 -26.225487 2013 001 49293.864
0003612 0.033221 -75.611946 -26.225487 2013 001 49297.863
0003616 0.033162 -75.611946 -26.225483 2013 001 49301.863
0003620 0.033102 -75.611946 -26.225483 2013 001 49305.863
0003624 0.033038 -75.611946 -26.225483 2013 001 49309.862
0003628 0.032971 -75.611946 -26.225483 2013 001 49313.862
0003632 0.032905 -75.611946 -26.225481 2013 001 49317.862
0003636 0.032841 -75.611946 -26.225481 2013 001 49321.861
0003640 0.032797 -75.611946 -26.225481 2013 001 49325.861
0003644 0.032851 -75.611946 -26.225479 2013 001 49329.860
0003648 0.032960 -75.611946 -26.225479 2013 001 49333.860
0003652 0.033067 -75.611946 -26.225475 2013 001 49337.860
0003656 0.033169 -75.611946 -26.225475 2013 001 49341.859
0003660 0.033264 -75.611946 -26.225473 2013 001 49345.859
0003664 0.033354 -75.611946 -26.225473 2013 001 49349.859
0003668 0.033442 -75.611946 -26.225473 2013 001 49353.858
0003672 0.033526 -75.611946 -26.225470 2013 001 49357.858
0003676 0.033610 -75.611946 -26.225470 2013 001 49361.857
0003680 0.033691 -75.611946 -26.225468 2013 001 49365.857
0003684 0.033772 -75.611946 -26.225468 2013 001 49369.857
0003688 0.033848 -75.611946 -26.225468 2013 001 49373.856
0003692 0.033916 -75.611946 -26.225466 2013 001 49377.856
0003696 0.033979 -75.611946 -26.225466 2013 001 49381.856
0003700 0.034034 -75.611946 -26.225466 2013 001 49385.855
0003704 0.034081 -75.611946 -26.225462 2013 001 49389.855
0003708 0.034120 -75.611946 -26.225462 2013 001 49393.854
0003712 0.034146 -75.611946 -26.225462 2013 001 49397.854
0003716 0.034158 -75.611946 -26.225462 2013 001 49401.854
0003720 0.034156 -75.611946 -26.225460 2013 001 49405.853
0003724 0.034049 -75.611946 -26.225460 2013 001 49409.853
0003728 0.033979 -75.611946 -26.225460 2013 001 49413.853
0003732 0.033862 -75.611946 -26.225460 2013 001 49417.852
0003736 0.033742 -75.611946 -26.225460 2013 001 49421.852
0003740 0.033615 -75.611946 -26.225460 2013 001 49425.851
0003744 0.033484 -75.611946 -26.225460 2013 001 49429.851
0003748 0.033352 -75.611946 -26.225460 2013 001 49433.851
0003752 0.033220 -75.611946 -26.225460 2013 001 49437.850
0003756 0.033083 -75.611946 -26.225460 2013 001 49441.850
0003760 0.032941 -75.611946 -26.225460 2013 001 49445.850
0003764 0.032798 -75.611946 -26.225460 2013 001 49449.849
0003768 0.032661 -75.611946 -26.225460 2013 001 49453.849
0003772 0.032528 -75.611946 -26.225460 2013 001 49457.848
0003776 0.032402 -75.611946 -26.225460 2013 001 49461.848
0003780 0.032281 -75.611946 -26.225460 2013 001 49465.848
0003784 0.032163 -75.611946 -26.225462 2013 001 49469.847
0003788 0.032045 -75.611946 -26.225462 2013 001 49473.847
0003792 0.031926 -75.611946 -26.225462 2013 001 49477.847
0003796 0.031802 -75.611946 -26.225462 2013 001 49481.846
0003800 0.031670 -75.611946 -26.225462 2013 001 49485.846
0003804 0.031533 -75.611946 -26.225462 2013 001 49489.845
0003808 0.031395 -75.611946 -26.225462 2013 001 49493.845
0003812 0.031261 -75.611946 -26.225462 2013 001 49497.845
0003816 0.031132 -75.611946 -26.225462 2013 001 49501.844
0003820 0.031019 -75.611946 -26.225462 2013 001 49505.844
0003824 0.030931 -75.611946 -26.225462 2013 001 49509.844
0003828 0.030858 -75.611946 -26.225462 2013 001 49513.843
0003832 0.030753 -75.611946 -26.225462 2013 001 49517.843
0003836 0.030654 -75.611946 -26.225462 2013 001 49521.842
0003840 0.030560 -75.611946 -26.225462 2013 001 49525.842
0003844 0.030539 -75.611946 -26.225462 2013 001 49529.842
0003848 0.030531 -75.611946 -26.225460 2013 001 49533.841
0003852 0.030535 -75.611946 -26.225460 2013 001 49537.841
0003856 0.030553 -75.611946 -26.225460 2013 001 49541.841
0003860 0.030585 -75.611946 -26.225460 2013 001 49545.840
0003864 0.030625 -75.611946 -26.225460 2013 001 49549.840
0003868 0.030672 -75.611946 -26.225460 2013 001 49553.839
0003872 0.030720 -75.611946 -26.225462 2013 001 49557.839
0003876 0.030767 -75.611946 -26.225462 2013 001 49561.839
0003880 0.030812 -75.611946 -26.225462 2013 001 49565.838
0003884 0.030854 -75.611946 -26.225462 2013 001 49569.838
0003888 0.030890 -75.611946 -26.225462 2013 001 49573.838
0003892 0.030922 -75.611946 -26.225462 2013 001 49577.837
0003896 0.030951 -75.611946 -26.225462 2013 001 49581.837
0003900 0.030982 -75.611946 -26.225462 2013 001 49585.836
0003904 0.031012 -75.611946 -26.225466 2013 001 49589.836
0003908 0.031045 -75.611946 -26.225466 2013 001 49593.836
0003912 0.031077 -75.611946 -26.225466 2013 001 49597.835
0003916 0.031107 -75.611946 -26.225466 2013 001 49601.835
0003920 0.031132 -75.611946 -26.225466 2013 001 49605.835
0003924 0.031148 -75.611946 -26.225466 2013 001 49609.834
0003928 0.031157 -75.611946 -26.225466 2013 001 49613.834
0003932 0.031128 -75.611946 -26.225466 2013 001 49617.833
0003936 0.031095 -75.611946 -26.225466 2013 001 49621.833
0003940 0.031052 -75.611946 -26.225466 2013 001 49625.833
0003944 0.031006 -75.611946 -26.225468 2013 001 49629.832
0003948 0.030959 -75.611946 -26.225468 2013 001 49633.832
0003952 0.030917 -75.611946 -26.225468 2013 001 49637.832
0003956 0.030868 -75.611946 -26.225468 2013 001 49641.831
0003960 0.030815 -75.611946 -26.225470 2013 001 49645.831
0003964 0.031013 -75.611946 -26.225470 2013 001 49649.830
0003968 0.030722 -75.611946 -26.225470 2013 001 49653.830
0003972 0.030539 -75.611946 -26.225470 2013 001 49657.830
0003976 0.030418 -75.611946 -26.225470 2013 001 49661.829
0003980 0.030339 -75.611946 -26.225470 2013 001 49665.829
0003984 0.030285 -75.611946 -26.225468 2013 001 49669.829
0003988 0.030250 -75.611946 -26.225468 2013 001 49673.828
0003992 0.030225 -75.611946 -26.225468 2013 001 49677.828
0003996 0.030205 -75.611946 -26.225470 2013 001 49681.827
0004000 0.030526 -75.611946 -26.225470 2013 001 49685.827
0004004 0.030434 -75.611946 -26.225470 2013 001 49689.827
0004008 0.030327 -75.611946 -26.225470 2013 001 49693.826
0004012 0.030242 -75.611946 -26.225470 2013 001 49697.826
0004016 0.030164 -75.611946 -26.225470 2013 001 49701.826
0004020 0.030157 -75.611946 -26.225470 2013 001 49705.825
0004024 0.030115 -75.611946 -26.225473 2013 001 49709.825
0004028 0.030131 -75.611946 -26.225473 2013 001 49713.824
0004032 0.030123 -75.611946 -26.225473 2013 001 49717.824
0004036 0.030136 -75.611946 -26.225473 2013 001 49721.824
0004040 0.030165 -75.611946 -26.225473 2013 001 49725.823
0004044 0.030202 -75.611946 -26.225473 2013 001 49729.823
0004048 0.030247 -75.611946 -26.225473 2013 001 49733.823
0004052 0.030297 -75.611946 -26.225475 2013 001 49737.822
0004056 0.030353 -75.611946 -26.225475 2013 001 49741.822
0004060 0.030411 -75.611946 -26.225475 2013 001 49741.821
0004064 0.030464 -75.611946 -26.225475 2013 001 49745.821
0004068 0.030517 -75.611946 -26.225475 2013 001 49749.821
0004072 0.030567 -75.611946 -26.225475 2013 001 49753.820
0004076 0.030612 -75.611946 -26.225475 2013 001 49757.820
0004080 0.030652 -75.611946 -26.225475 2013 001 49761.820
0004084 0.030682 -75.611946 -26.225475 2013 001 49765.819
0004088 0.030704 -75.611946 -26.225475 2013 001 49769.819
0004092 0.030717 -75.611946 -26.225475 2013 001 49773.818
0004096 0.030678 -75.611946 -26.225475 2013 001 49777.818
0004100 0.030657 -75.611946 -26.225475 2013 001 49781.818
0004104 0.030637 -75.611946 -26.225475 2013 001 49785.817
0004108 0.030625 -75.611946 -26.225475 2013 001 49789.817
0004112 0.030604 -75.611946 -26.225475 2013 001 49793.817
0004116 0.030575 -75.611946 -26.225475 2013 001 49797.816
0004120 0.030545 -75.611946 -26.225475 2013 001 49801.816
0004124 0.030515 -75.611946 -26.225475 2013 001 49805.815
0004128 0.030537 -75.611946 -26.225479 2013 001 49809.815
0004132 0.030605 -75.611946 -26.225479 2013 001 49813.815
0004136 0.030765 -75.611946 -26.225481 2013 001 49817.814
0004140 0.030917 -75.611946 -26.225483 2013 001 49821.814
0004144 0.031061 -75.611946 -26.225483 2013 001 49825.814
0004192 0.032488 -75.611946 -26.225496 2013 001 49873.809
0004196 0.032604 -75.611946 -26.225496 2013 001 49877.809
0004200 0.032723 -75.611954 -26.225496 2013 001 49881.808
0004204 0.032842 -75.611954 -26.225496 2013 001 49885.808
0004208 0.032964 -75.611954 -26.225500 2013 001 49889.808
0004212 0.033088 -75.611954 -26.225500 2013 001 49893.807
0004216 0.033212 -75.611954 -26.225500 2013 001 49897.807
0004220 0.033306 -75.611954 -26.225500 2013 001 49901.807
0004224 0.033460 -75.611954 -26.225500 2013 001 49905.806
0004228 0.033584 -75.611954 -26.225500 2013 001 49909.806
0004232 0.033700 -75.611954 -26.225500 2013 001 49913.805
0004236 0.033816 -75.611954 -26.225500 2013 001 49917.805
0004240 0.033902 -75.611954 -26.225496 2013 001 49921.805
0004244 0.034044 -75.611954 -26.225496 2013 001 49925.804
0004248 0.034129 -75.611954 -26.225496 2013 001 49929.804
0004252 0.034201 -75.611954 -26.225496 2013 001 49933.804
0004256 0.034267 -75.611954 -26.225496 2013 001 49937.803
0004260 0.034394 -75.611954 -26.225496 2013 001 49941.803
0004264 0.034538 -75.611954 -26.225496 2013 001 49945.802
0004268 0.034525 -75.611954 -26.225496 2013 001 49949.802
0004272 0.034511 -75.611954 -26.225494 2013 001 49953.802
0004276 0.034493 -75.611954 -26.225494 2013 001 49957.801
0004280 0.034515 -75.611954 -26.225494 2013 001 49961.801
0004284 0.034636 -75.611954 -26.225494 2013 001 49965.801
0004288 0.034725 -75.611954 -26.225494 2013 001 49969.800
0004292 0.034851 -75.611954 -26.225494 2013 001 49973.800
0004296 0.034970 -75.611954 -26.225494 2013 001 49977.800
0004300 0.035084 -75.611954 -26.225496 2013 001 49981.799
0004304 0.035190 -75.611954 -26.225496 2013 001 49985.799
0004308 0.035349 -75.611954 -26.225494 2013 001 49989.798
0004312 0.035513 -75.611954 -26.225494 2013 001 49993.798
0004316 0.035684 -75.611954 -26.225494 2013 001 49997.798
0004320 0.035855 -75.611954 -26.225494 2013 001 50001.797
0004324 0.036027 -75.611954 -26.225494 2013 001 50005.797
0004328 0.036196 -75.611954 -26.225494 2013 001 50009.797
0004332 0.036360 -75.611954 -26.225494 2013 001 50013.796
0004336 0.036490 -75.611954 -26.225494 2013 001 50017.796
0004340 0.036518 -75.611954 -26.225496 2013 001 50021.795
0004344 0.036557 -75.611954 -26.225496 2013 001 50025.795
0004348 0.036586 -75.611954 -26.225500 2013 001 50029.795
0004352 0.036614 -75.611954 -26.225500 2013 001 50033.794
0004356 0.036641 -75.611954 -26.225500 2013 001 50037.794
0004360 0.036662 -75.611954 -26.225502 2013 001 50041.794
0004364 0.036701 -75.611954 -26.225502 2013 001 50045.793
0004368 0.036803 -75.611954 -26.225502 2013 001 50049.793
0004372 0.036917 -75.611954 -26.225502 2013 001 50053.792
0004376 0.037023 -75.611954 -26.225500 2013 001 50057.792
0004380 0.037120 -75.611954 -26.225500 2013 001 50061.792
0004384 0.037211 -75.611954 -26.225500 2013 001 50065.791
0004388 0.037293 -75.611961 -26.225500 2013 001 50069.791
0004392 0.037365 -75.611961 -26.225500 2013 001 50073.791
0004396 0.037426 -75.611961 -26.225500 2013 001 50077.790
0004400 0.037463 -75.611961 -26.225496 2013 001 50081.790
0004404 0.037515 -75.611961 -26.225496 2013 001 50085.789
0004408 0.037551 -75.611961 -26.225496 2013 001 50089.789
0004412 0.037588 -75.611961 -26.225496 2013 001 50093.789
0004416 0.037621 -75.611961 -26.225496 2013 001 50097.788
0004420 0.037649 -75.611961 -26.225496 2013 001 50101.788
0004424 0.037675 -75.611961 -26.225496 2013 001 50105.788
0004428 0.037700 -75.611961 -26.225496 2013 001 50109.787
0004432 0.037725 -75.611961 -26.225496 2013 001 50113.787
0004436 0.037749 -75.611961 -26.225496 2013 001 50117.787
0004440 0.037747 -75.611961 -26.225496 2013 001 50121.786
0004444 0.037689 -75.611961 -26.225494 2013 001 50125.786
0004448 0.037605 -75.611961 -26.225494 2013 001 50129.785
0004452 0.037518 -75.611961 -26.225492 2013 001 50133.785
0004456 0.037448 -75.611961 -26.225494 2013 001 50137.785
0004460 0.037441 -75.611961 -26.225494 2013 001 50141.784
0004464 0.037433 -75.611961 -26.225494 2013 001 50145.784
0004468 0.037429 -75.611961 -26.225494 2013 001 50149.784
0004472 0.037428 -75.611961 -26.225494 2013 001 50153.783
0004476 0.037427 -75.611961 -26.225494 2013 001 50157.783
0004480 0.037423 -75.611961 -26.225494 2013 001 50161.782
0004484 0.037412 -75.611961 -26.225496 2013 001 50165.782
0004488 0.037397 -75.611961 -26.225496 2013 001 50169.782
0004492 0.037381 -75.611961 -26.225496 2013 001 50173.781
0004496 0.037365 -75.611961 -26.225496 2013 001 50177.781
0004500 0.037327 -75.611961 -26.225500 2013 001 50181.781
0004504 0.037263 -75.611961 -26.225500 2013 001 50185.780
0004508 0.037216 -75.611961 -26.225500 2013 001 50189.780
0004512 0.037173 -75.611961 -26.225502 2013 001 50193.779
0004516 0.037131 -75.611961 -26.225502 2013 001 50197.779
0004520 0.037103 -75.611961 -26.225502 2013 001 50201.779
0004524 0.037052 -75.611961 -26.225502 2013 001 50205.778
0004528 0.037016 -75.611961 -26.225502 2013 001 50209.778
0004532 0.036983 -75.611961 -26.225502 2013 001 50213.778
0004536 0.036957 -75.611961 -26.225502 2013 001 50217.777
0004540 0.036943 -75.611961 -26.225502 2013 001 50221.777
0004544 0.036922 -75.611961 -26.225502 2013 001 50225.777
0004548 0.036901 -75.611961 -26.225502 2013 001 50229.776
0004552 0.036879 -75.611961 -26.225502 2013 001 50233.776
0004556 0.036855 -75.611961 -26.225502 2013 001 50237.775
0004560 0.036829 -75.611961 -26.225502 2013 001 50241.775
0004564 0.036801 -75.611954 -26.225502 2013 001 50245.775
0004568 0.036771 -75.611954 -26.225502 2013 001 50249.774
0004572 0.036738 -75.611954 -26.225506 2013 001 50253.774
0004576 0.036706 -75.611954 -26.225506 2013 001 50257.774
0004580 0.036684 -75.611954 -26.225508 2013 001 50261.773
0004584 0.035982 -75.611954 -26.225508 2013 001 50265.773
0004588 0.035506 -75.611954 -26.225506 2013 001 50269.772
0004592 0.035830 -75.611954 -26.225506 2013 001 50273.772
0004596 0.036056 -75.611954 -26.225502 2013 001 50277.772
0004600 0.036313 -75.611954 -26.225502 2013 001 50281.771
0004604 0.036477 -75.611954 -26.225500 2013 001 50285.771
0004608 0.036520 -75.611961 -26.225496 2013 001 50289.771
0004612 0.036569 -75.611961 -26.225496 2013 001 50293.770
0004616 0.036613 -75.611961 -26.225496 2013 001 50297.770
0004620 0.036645 -75.611961 -26.225494 2013 001 50301.769
0004624 0.036721 -75.611961 -26.225494 2013 001 50305.769
0004628 0.036794 -75.611961 -26.225494 2013 001 50309.769
0004632 0.036763 -75.611961 -26.225494 2013 001 50313.768
0004636 0.036466 -75.611961 -26.225496 2013 001 50317.768
0004640 0.036272 -75.611954 -26.225496 2013 001 50321.768
0004644 0.035990 -75.611954 -26.225496 2013 001 50325.767
0004648 0.035797 -75.611954 -26.225496 2013 001 50329.767
0004652 0.035671 -75.611954 -26.225500 2013 001 50333.767
0004656 0.035491 -75.611954 -26.225500 2013 001 50337.766
0004660 0.035405 -75.611954 -26.225500 2013 001 50341.766
0004664 0.035261 -75.611954 -26.225500 2013 001 50345.765
0004668 0.035161 -75.611954 -26.225502 2013 001 50349.765
0004672 0.035100 -75.611954 -26.225502 2013 001 50353.765
0004676 0.035068 -75.611954 -26.225502 2013 001 50357.764
0004680 0.034921 -75.611954 -26.225502 2013 001 50361.764
0004684 0.035075 -75.611954 -26.225502 2013 001 50365.764
0004688 0.035794 -75.611954 -26.225483 2013 001 50369.763
0004692 0.038517 -75.611961 -26.225470 2013 001 50373.763
0004696 0.041543 -75.611969 -26.225468 2013 001 50377.762
0004700 0.041900 -75.611969 -26.225468 2013 001 50381.762
0004704 0.040941 -75.611961 -26.225479 2013 001 50385.762
0004708 0.038542 -75.611954 -26.225487 2013 001 50389.761
0004712 0.036902 -75.611954 -26.225487 2013 001 50393.761
0004716 0.037057 -75.611954 -26.225492 2013 001 50397.761
0004720 0.036660 -75.611954 -26.225496 2013 001 50401.760
0004724 0.036233 -75.611954 -26.225502 2013 001 50405.760
0004728 0.034591 -75.611946 -26.225506 2013 001 50409.759
0004732 0.033342 -75.611946 -26.225506 2013 001 50413.759
0004736 0.032512 -75.611946 -26.225500 2013 001 50417.759
0004740 0.034583 -75.611954 -26.225492 2013 001 50421.758
0004744 0.034805 -75.611946 -26.225496 2013 001 50425.758
0004748 0.033488 -75.611946 -26.225500 2013 001 50429.758
0004752 0.032621 -75.611946 -26.225506 2013 001 50433.757
0004756 0.032040 -75.611946 -26.225506 2013 001 50437.757
0004760 0.031922 -75.611946 -26.225506 2013 001 50441.757
0004764 0.031768 -75.611946 -26.225508 2013 001 50445.756
0004768 0.031578 -75.611946 -26.225510 2013 001 50449.756
0004772 0.031359 -75.611946 -26.225510 2013 001 50453.755
0004776 0.031202 -75.611946 -26.225513 2013 001 50457.755
0004780 0.031106 -75.611946 -26.225513 2013 001 50461.755
0004784 0.030971 -75.611946 -26.225515 2013 001 50465.754
0004788 0.030866 -75.611946 -26.225515 2013 001 50469.754
0004792 0.030768 -75.611946 -26.225519 2013 001 50473.754
0004796 0.030688 -75.611946 -26.225519 2013 001 50477.753
0004800 0.030709 -75.611946 -26.225521 2013 001 50481.753
0004804 0.030640 -75.611946 -26.225521 2013 001 50485.752
0004808 0.030649 -75.611946 -26.225521 2013 001 50489.752
0004812 0.030592 -75.611946 -26.225525 2013 001 50493.752
0004816 0.030547 -75.611946 -26.225525 2013 001 50497.751
0004820 0.030596 -75.611946 -26.225527 2013 001 50501.751
0004824 0.030662 -75.611946 -26.225527 2013 001 50505.751
0004828 0.030711 -75.611946 -26.225527 2013 001 50509.750
0004832 0.030778 -75.611946 -26.225527 2013 001 50513.750
0004836 0.030911 -75.611946 -26.225527 2013 001 50517.749
0004840 0.031007 -75.611946 -26.225527 2013 001 50521.749
0004844 0.033960 -75.611946 -26.225506 2013 001 50525.749
0004848 0.034033 -75.611946 -26.225508 2013 001 50529.748
0004852 0.034082 -75.611946 -26.225510 2013 001 50533.748
0004856 0.034042 -75.611954 -26.225506 2013 001 50537.748
0004860 0.037008 -75.611961 -26.225487 2013 001 50541.747
0004864 0.038317 -75.611961 -26.225494 2013 001 50545.747
0004868 0.037553 -75.611954 -26.225500 2013 001 50549.746
0004872 0.037006 -75.611954 -26.225506 2013 001 50553.746
0004876 0.036629 -75.611954 -26.225508 2013 001 50557.746
0004880 0.036417 -75.611954 -26.225510 2013 001 50561.745
0004884 0.036126 -75.611954 -26.225513 2013 001 50565.745
0004888 0.035947 -75.611946 -26.225513 2013 001 50569.745
0004892 0.035789 -75.611946 -26.225515 2013 001 50573.744
0004896 0.035659 -75.611946 -26.225515 2013 001 50577.744
0004900 0.035557 -75.611946 -26.225519 2013 001 50581.744
0004904 0.035423 -75.611946 -26.225515 2013 001 50585.743
0004908 0.035894 -75.611946 -26.225521 2013 001 50589.743
0004912 0.035555 -75.611954 -26.225515 2013 001 50593.742
0004916 0.036012 -75.611954 -26.225513 2013 001 50597.742
0004920 0.036440 -75.611954 -26.225506 2013 001 50601.742
0004924 0.036745 -75.611954 -26.225510 2013 001 50605.741
0004928 0.036541 -75.611954 -26.225513 2013 001 50609.741
0004932 0.036279 -75.611954 -26.225510 2013 001 50613.741
0004936 0.036690 -75.611954 -26.225508 2013 001 50617.740
0004940 0.036932 -75.611954 -26.225508 2013 001 50621.740
0004944 0.037182 -75.611954 -26.225506 2013 001 50625.739
0004948 0.037435 -75.611961 -26.225506 2013 001 50629.739
0004952 0.037599 -75.611961 -26.225506 2013 001 50633.739
0004956 0.037741 -75.611961 -26.225502 2013 001 50637.738
0004960 0.037840 -75.611961 -26.225502 2013 001 50641.738
0004964 0.037991 -75.611961 -26.225502 2013 001 50645.738
0004968 0.038105 -75.611961 -26.225500 2013 001 50649.737
0004972 0.038212 -75.611961 -26.225500 2013 001 50653.737
0004976 0.038311 -75.611961 -26.225500 2013 001 50657.736
0004980 0.038380 -75.611961 -26.225496 2013 001 50661.736
0004984 0.038471 -75.611961 -26.225496 2013 001 50665.736
0004988 0.038582 -75.611961 -26.225494 2013 001 50669.735
0004992 0.038647 -75.611961 -26.225494 2013 001 50673.735
0004996 0.038732 -75.611961 -26.225492 2013 001 50677.735
0005000 0.038817 -75.611961 -26.225492 2013 001 50681.734
0005004 0.038905 -75.611961 -26.225489 2013 001 50685.734
0005008 0.038996 -75.611961 -26.225489 2013 001 50689.734
0005012 0.039119 -75.611961 -26.225487 2013 001 50693.733
0005016 0.039196 -75.611961 -26.225487 2013 001 50697.733
0005020 0.039301 -75.611961 -26.225483 2013 001 50701.732
0005024 0.039410 -75.611961 -26.225483 2013 001 50705.732
0005028 0.039522 -75.611961 -26.225481 2013 001 50709.732
0005032 0.039636 -75.611969 -26.225481 2013 001 50713.731
0005036 0.039779 -75.611969 -26.225479 2013 001 50717.731
0005040 0.039866 -75.611969 -26.225479 2013 001 50721.731
0005044 0.039983 -75.611969 -26.225475 2013 001 50725.730
0005048 0.040101 -75.611969 -26.225475 2013 001 50729.730
0005052 0.040221 -75.611969 -26.225475 2013 001 50733.729
0005056 0.040340 -75.611969 -26.225473 2013 001 50737.729
0005060 0.040456 -75.611969 -26.225473 2013 001 50741.729
0005064 0.040494 -75.611969 -26.225475 2013 001 50745.728
0005068 0.040281 -75.611969 -26.225475 2013 001 50749.728
0005072 0.040116 -75.611969 -26.225479 2013 001 50753.728
0005076 0.039953 -75.611969 -26.225481 2013 001 50757.727
0005080 0.039831 -75.611961 -26.225481 2013 001 50761.727
0005084 0.039670 -75.611961 -26.225483 2013 001 50765.726
0005088 0.039468 -75.611961 -26.225487 2013 001 50769.726
0005092 0.039308 -75.611961 -26.225487 2013 001 50773.726
0005096 0.039150 -75.611961 -26.225489 2013 001 50777.725
0005100 0.039031 -75.611961 -26.225492 2013 001 50781.725
0005104 0.038867 -75.611961 -26.225492 2013 001 50785.725
0005108 0.038660 -75.611961 -26.225494 2013 001 50789.724
0005112 0.038489 -75.611961 -26.225494 2013 001 50793.724
0005116 0.038361 -75.611961 -26.225496 2013 001 50797.724
0005120 0.038245 -75.611961 -26.225496 2013 001 50801.723
0005124 0.038288 -75.611961 -26.225494 2013 001 50805.723
0005128 0.038330 -75.611961 -26.225494 2013 001 50809.722
0005132 0.038278 -75.611961 -26.225496 2013 001 50813.722
0005136 0.038117 -75.611961 -26.225496 2013 001 50817.722
0005140 0.038004 -75.611954 -26.225496 2013 001 50821.721
0005144 0.037868 -75.611954 -26.225500 2013 001 50825.721
0005148 0.037710 -75.611954 -26.225500 2013 001 50829.721
0005152 0.037597 -75.611954 -26.225502 2013 001 50833.720
0005156 0.037496 -75.611954 -26.225502 2013 001 50837.720
0005160 0.037426 -75.611954 -26.225502 2013 001 50841.719
0005164 0.037351 -75.611954 -26.225506 2013 001 50845.719
0005168 0.037278 -75.611954 -26.225506 2013 001 50849.719
0005172 0.037242 -75.611954 -26.225506 2013 001 50853.718
0005176 0.037191 -75.611954 -26.225506 2013 001 50857.718
0005180 0.037119 -75.611954 -26.225506 2013 001 50861.718
0005184 0.037025 -75.611954 -26.225506 2013 001 50865.717
0005188 0.036917 -75.611954 -26.225506 2013 001 50869.717
0005192 0.036795 -75.611954 -26.225508 2013 001 50873.716
0005196 0.036659 -75.611954 -26.225508 2013 001 50877.716
0005200 0.036514 -75.611954 -26.225508 2013 001 50881.716
0005204 0.036350 -75.611954 -26.225510 2013 001 50885.715
0005208 0.036178 -75.611954 -26.225510 2013 001 50889.715
0005212 0.035998 -75.611954 -26.225513 2013 001 50893.715
0005216 0.035816 -75.611954 -26.225513 2013 001 50897.714
0005220 0.035633 -75.611954 -26.225513 2013 001 50901.714
0005224 0.035453 -75.611954 -26.225515 2013 001 50905.714
0005228 0.035281 -75.611954 -26.225515 2013 001 50909.713
0005232 0.035117 -75.611954 -26.225519 2013 001 50913.713
0005236 0.034962 -75.611954 -26.225519 2013 001 50917.712
0005240 0.034819 -75.611954 -26.225519 2013 001 50921.712
0005244 0.034687 -75.611954 -26.225519 2013 001 50925.712
0005248 0.034570 -75.611954 -26.225521 2013 001 50929.711
0005252 0.034465 -75.611954 -26.225521 2013 001 50933.711
0005256 0.034375 -75.611954 -26.225521 2013 001 50937.711
0005260 0.034299 -75.611954 -26.225521 2013 001 50941.710
0005264 0.034238 -75.611954 -26.225521 2013 001 50945.710
0005268 0.034189 -75.611954 -26.225521 2013 001 50949.709
0005272 0.034154 -75.611954 -26.225519 2013 001 50953.709
0005276 0.034143 -75.611954 -26.225519 2013 001 50957.709
0005280 0.034154 -75.611954 -26.225519 2013 001 50961.708
0005284 0.034176 -75.611954 -26.225519 2013 001 50965.708
0005288 0.034204 -75.611954 -26.225519 2013 001 50969.708
0005292 0.034240 -75.611954 -26.225519 2013 001 50973.707
0005296 0.034280 -75.611954 -26.225519 2013 001 50977.707
0005300 0.034321 -75.611954 -26.225519 2013 001 50981.706
0005304 0.034360 -75.611954 -26.225515 2013 001 50985.706
0005308 0.034400 -75.611954 -26.225515 2013 001 50989.706
0005312 0.034443 -75.611954 -26.225515 2013 001 50993.705
0005316 0.034485 -75.611954 -26.225513 2013 001 50997.705
0005320 0.034530 -75.611954 -26.225513 2013 001 51001.705
0005324 0.034572 -75.611954 -26.225513 2013 001 51005.704
0005328 0.034614 -75.611954 -26.225510 2013 001 51009.704
0005332 0.034648 -75.611954 -26.225510 2013 001 51013.703
0005336 0.034673 -75.611954 -26.225510 2013 001 51017.703
0005340 0.034690 -75.611954 -26.225508 2013 001 51021.703
0005344 0.034700 -75.611954 -26.225508 2013 001 51025.702
0005348 0.034703 -75.611954 -26.225508 2013 001 51029.702
0005352 0.034701 -75.611954 -26.225506 2013 001 51033.702
0005356 0.034693 -75.611954 -26.225506 2013 001 51037.701
0005360 0.034686 -75.611954 -26.225506 2013 001 51041.701
0005364 0.034695 -75.611954 -26.225506 2013 001 51045.701
0005368 0.034703 -75.611954 -26.225502 2013 001 51049.700
0005372 0.034708 -75.611954 -26.225502 2013 001 51053.700
0005376 0.034712 -75.611954 -26.225502 2013 001 51057.699
0005380 0.034714 -75.611954 -26.225502 2013 001 51061.699
0005384 0.034716 -75.611954 -26.225500 2013 001 51065.699
0005388 0.034716 -75.611954 -26.225500 2013 001 51069.698
0005392 0.034715 -75.611946 -26.225500 2013 001 51073.698
0005396 0.034717 -75.611946 -26.225500 2013 001 51077.698
0005400 0.034721 -75.611946 -26.225496 2013 001 51081.697
0005404 0.034725 -75.611946 -26.225496 2013 001 51085.697
0005408 0.034726 -75.611946 -26.225496 2013 001 51089.696
0005412 0.034728 -75.611946 -26.225496 2013 001 51093.696
0005416 0.034732 -75.611946 -26.225494 2013 001 51097.696
0005420 0.034738 -75.611946 -26.225494 2013 001 51101.695
0005424 0.034745 -75.611946 -26.225494 2013 001 51105.695
0005428 0.034757 -75.611946 -26.225492 2013 001 51109.695
0005432 0.034774 -75.611946 -26.225492 2013 001 51113.694
0005436 0.034795 -75.611946 -26.225492 2013 001 51117.694
0005440 0.034818 -75.611946 -26.225492 2013 001 51121.693
0005444 0.034839 -75.611946 -26.225489 2013 001 51125.693
0005448 0.034860 -75.611946 -26.225489 2013 001 51129.693
0005452 0.034880 -75.611946 -26.225489 2013 001 51133.692
0005456 0.034899 -75.611946 -26.225489 2013 001 51137.692
0005460 0.034917 -75.611946 -26.225487 2013 001 51141.692
0005464 0.034933 -75.611946 -26.225487 2013 001 51145.691
0005468 0.034947 -75.611946 -26.225487 2013 001 51149.691
0005472 0.034960 -75.611946 -26.225483 2013 001 51153.691
0005476 0.034972 -75.611946 -26.225483 2013 001 51157.690
0005480 0.034985 -75.611946 -26.225483 2013 001 51161.690
0005484 0.034999 -75.611946 -26.225481 2013 001 51165.689
0005488 0.035010 -75.611946 -26.225481 2013 001 51169.689
0005492 0.035017 -75.611946 -26.225481 2013 001 51173.689
0005496 0.035020 -75.611946 -26.225481 2013 001 51177.688
0005500 0.035019 -75.611946 -26.225479 2013 001 51181.688
0005504 0.035019 -75.611946 -26.225479 2013 001 51185.688
0005508 0.035006 -75.611946 -26.225479 2013 001 51189.687
0005512 0.034976 -75.611946 -26.225479 2013 001 51193.687
0005516 0.034954 -75.611946 -26.225479 2013 001 51197.686
0005520 0.034941 -75.611946 -26.225479 2013 001 51201.686
0005524 0.034937 -75.611946 -26.225479 2013 001 51205.686
0005528 0.034936 -75.611946 -26.225479 2013 001 51209.685
0005532 0.034942 -75.611946 -26.225479 2013 001 51213.685
0005536 0.034948 -75.611946 -26.225479 2013 001 51217.685
0005540 0.034925 -75.611946 -26.225479 2013 001 51221.684
0005544 0.034882 -75.611946 -26.225479 2013 001 51225.684
0005548 0.034830 -75.611946 -26.225479 2013 001 51229.683
0005552 0.034766 -75.611946 -26.225479 2013 001 51233.683
0005556 0.034703 -75.611946 -26.225481 2013 001 51237.683
0005560 0.034646 -75.611946 -26.225481 2013 001 51241.682
0005564 0.034593 -75.611946 -26.225481 2013 001 51245.682
0005568 0.034548 -75.611946 -26.225481 2013 001 51249.682
0005572 0.034510 -75.611946 -26.225481 2013 001 51253.681
0005576 0.034483 -75.611946 -26.225481 2013 001 51257.681
0005580 0.034469 -75.611946 -26.225481 2013 001 51261.681
0005584 0.034466 -75.611946 -26.225481 2013 001 51265.680
0005588 0.034477 -75.611946 -26.225481 2013 001 51269.680
0005592 0.034490 -75.611946 -26.225481 2013 001 51273.679
0005596 0.034498 -75.611946 -26.225483 2013 001 51277.679
0005600 0.034508 -75.611946 -26.225481 2013 001 51281.679
0005604 0.034562 -75.611946 -26.225481 2013 001 51285.678
0005608 0.034619 -75.611946 -26.225481 2013 001 51289.678
0005612 0.034676 -75.611946 -26.225481 2013 001 51293.678
0005616 0.034737 -75.611946 -26.225481 2013 001 51297.677
0005620 0.034750 -75.611946 -26.225479 2013 001 51301.677
0005624 0.034825 -75.611946 -26.225479 2013 001 51305.676
0005628 0.034844 -75.611946 -26.225479 2013 001 51309.676
0005632 0.034941 -75.611946 -26.225479 2013 001 51313.676
0005636 0.035039 -75.611946 -26.225475 2013 001 51317.675
0005640 0.035135 -75.611946 -26.225475 2013 001 51321.675
0005644 0.035226 -75.611946 -26.225473 2013 001 51325.675
0005648 0.035309 -75.611946 -26.225473 2013 001 51329.674
0005652 0.035390 -75.611946 -26.225473 2013 001 51333.674
0005656 0.035466 -75.611946 -26.225470 2013 001 51337.673
0005660 0.035535 -75.611946 -26.225470 2013 001 51341.673
0005664 0.035596 -75.611946 -26.225468 2013 001 51345.673
0005668 0.035663 -75.611946 -26.225468 2013 001 51349.672
0005672 0.035745 -75.611946 -26.225466 2013 001 51353.672
0005676 0.035837 -75.611946 -26.225466 2013 001 51357.672
0005680 0.035994 -75.611946 -26.225462 2013 001 51361.671
0005684 0.036161 -75.611946 -26.225462 2013 001 51365.671
0005688 0.036327 -75.611946 -26.225460 2013 001 51369.670
0005692 0.036493 -75.611946 -26.225460 2013 001 51373.670
0005696 0.036639 -75.611946 -26.225456 2013 001 51377.670
0005700 0.036733 -75.611946 -26.225456 2013 001 51381.669
0005704 0.036762 -75.611946 -26.225456 2013 001 51385.669
0005708 0.036733 -75.611946 -26.225456 2013 001 51389.669
0005712 0.036701 -75.611946 -26.225456 2013 001 51393.668
0005716 0.036670 -75.611946 -26.225456 2013 001 51397.668
0005720 0.036640 -75.611946 -26.225456 2013 001 51401.668
0005724 0.036606 -75.611946 -26.225456 2013 001 51405.667
0005728 0.036569 -75.611946 -26.225456 2013 001 51409.667
0005732 0.036579 -75.611946 -26.225456 2013 001 51413.666
0005736 0.036601 -75.611946 -26.225456 2013 001 51417.666
0005740 0.036620 -75.611946 -26.225456 2013 001 51421.666
0005744 0.036637 -75.611946 -26.225456 2013 001 51425.665
0005748 0.036651 -75.611946 -26.225456 2013 001 51429.665
0005752 0.036661 -75.611946 -26.225456 2013 001 51433.665
0005756 0.036667 -75.611946 -26.225456 2013 001 51437.664
0005760 0.036669 -75.611946 -26.225456 2013 001 51441.664
0005764 0.036671 -75.611946 -26.225456 2013 001 51445.663
0005768 0.036673 -75.611946 -26.225456 2013 001 51449.663
0005772 0.036678 -75.611946 -26.225454 2013 001 51453.663
0005776 0.036676 -75.611946 -26.225454 2013 001 51457.662
0005780 0.036670 -75.611946 -26.225454 2013 001 51461.662
0005784 0.036658 -75.611946 -26.225454 2013 001 51465.662
0005788 0.036643 -75.611946 -26.225454 2013 001 51469.661
0005792 0.036628 -75.611946 -26.225454 2013 001 51473.661
0005796 0.036610 -75.611946 -26.225454 2013 001 51477.660
0005800 0.036589 -75.611946 -26.225454 2013 001 51481.660
0005804 0.036557 -75.611946 -26.225454 2013 001 51485.660
